14875
86957
87927
123571
125915
126097
126264
129617
141887
1310567
1310682
1313524
2054928
2561841
2672105
2959731
3992043
4626178
8626686
8636760
8758364
8765424
9080902
9116310
9157179
9204961
9531347
9538107
9543396
9590499
9601351
9610530
9615483
9620785
9633494
9635702
9676878
10191201
10199701
10261994
10287824
10289284
10298690
10301386
10306778
10320083
10324030
10331437
10337238
10430096
10462272
10471025
10494173
10497373
10580224
10616392
10621875
10622457
10631985
10634469
10647207
11739096
11765564
11785177
13004364
13038400
13092102
13106501
13114453
91037454
91116005
91491980
91613200
91699990
91717880
91799590
91858170
91862330
92593580
92612420
92675360
92676380
92760790
92795220
92863291
93026350
98011072
98011694
98011949
98012234
98012661
98015335
98021029
98021881
98027169
98027437
98034871
98051693
98057194
98057435
98057658
98058269
98059571
98061380
98065245
98067902
98081343
98084892
98091466
98092380
98093493
98094847
98095011
98118598
98121182
98121821
98124709
98127449
98129270
98130066
98130310
98130863
98132217
98133948
98134128
98134699
98135177
98147563
98148380
98149057
98149285
98150057
98150355
98150788
98153401
98159491
98168617
98169263
98169572
98169769
98170193
98170622
98171013
98171268
98173601
98173784
98178842
98179079
98184634
98184933
98187707
98205174
98210229
98210590
98214174
98216682
98217530
98238424
98242127
98244248
98245662
98245684
98246824
98246931
98249379
98249736
98254040
98260693
98264937
98265298
98267907
98269907
98270268
98274410
98277154
98280979
98290352
98291840
98291885
98292346
98293362
98293934
98299004
98300117
98300681
98300957
98302012
98302694
98303220
98305500
98307771
98309464
98309555
98310667
98312499
98314898
98316311
98316462
98317843
98318199
98318311
98320215
98324358
98325571
98331381
98332791
98332893
98339259
98339273
98348432
98349578
98359208
98360064
98360893
98361015
98361497
98362220
98362816
98362996
98364633
98371729
98385305
98385875
98387924
98393087
98393644
98401782
98403631
98497272
98512193
98514078
98524545
98527747
98528062
98530486
98531740
98536716
98539201
98539301
98540332
98541181
98550420
98555212
98556229
98557575
98558683
98561561
98561770
98562589
98562801
98563048
98563539
98564023
98564682
98564914
98567968
98575928
98578102
98595075
98604502
98606913
98640050
98640665
98640739
98640779
98644325
98648941
98658847
98660323
98660861
98662560
98664389
98664406
98665294
98668987
98673507
98679067
98679508
98681235
98682968
98686171
98699486
98701534
98702402
98702801
98704820
98711244
98724577
98725521
98727803
98728112
98729735
98730085
98730229
98733775
98735632
98742624
98744230
98744787
98746191
98746411
98746586
98746729
98747814
98748013
98751355
98751610
98751860
98752132
98752228
98764853
98775491
98790144
98801654
98806772
98807151
98808321
98809031
98811089
98812059
98812188
98815618
98826229
98827028
98827307
98827702
98827772
98829463
98832051
98833107
98834378
98835397
98836583
98837770
98837957
98839898
98840026
98842875
98848921
98854631
98857344
98857398
98859125
98860767
98860983
98862242
98864736
98869444
98869563
98869981
98872182
98872701
98878780
98879792
98881429
98886561
98891168
98891707
98892646
98893903
98895177
98895791
98898588
98899732
98900527
98902145
98902311
98905344
98905870
98907694
98914205
98914417
98915176
98915450
98916559
98917017
98920283
98920640
98922745
98928476
98930386
98930906
98945211
98946555
98947101
98955890
98956268
98956283
98959872
98960972
98962682
98967080
98972599
98981459
98981898
98982153
98996319
98999867
99000967
99002604
99009524
99013695
99023261
99036762
99037155
99049239
99049321
99057966
99066562
99066844
99075518
99076723
99090788
99092458
99094013
99094160
99094963
99095591
99095856
99096481
99097537
99098139
99098594
99106270
99108053
99116186
99116286
99120664
99122745
99122756
99123057
99124457
99124890
99127567
99131713
99133202
99134883
99136047
99136057
99136215
99137809
99139842
99149738
99151380
99163719
99164971
99167258
99169510
99169668
99170052
99171197
99171224
99174067
99174938
99176094
99178095
99179986
99181373
99182340
99190487
99191373
99192809
99193490
99194861
99196001
99196134
99197287
99198323
99198478
99199927
99200374
99201878
99202593
99228381
99228934
99229516
99234911
99248791
99251955
99252482
99252910
99254160
99254760
99255465
99257081
99263550
99264261
99264285
99265030
99265131
99265328
99265375
99266227
99269231
99269323
99269750
99269807
99271292
99272588
99273207
99283453
99284380
99284518
99285876
99288637
99288772
99289149
99292606
99293380
99294121
99295500
99296997
99298028
99298247
99298484
99299761
99300658
99302091
99303105
99303843
99307781
99308798
99310295
99310578
99311012
99311599
99312312
99313154
99314427
99315870
99316818
99317693
99318324
99319177
99321078
99323589
99325041
99326175
99327861
99330344
99331463
99332430
99333203
99334791
99335099
99335542
99336639
99339396
99340565
99340814
99344020
99344951
99345995
99346037
99346269
99347191
99347473
99349686
99350901
99351676
99351733
99352087
99352702
99353014
99353376
99354021
99354152
99354983
99357354
99358998
99359083
99359871
99361264
99361675
99362588
99362618
99363145
99366738
99368669
99368860
99369068
99369868
99370040
99370217
99374867
99374945
99375159
99377816
99377923
99379835
99380764
99380896
99381626
99381851
99382743
99383181
99383729
99384998
99385340
99386324
99386644
99386921
99388577
99392960
99395586
99395644
99395687
99396938
99397037
99398042
99398362
99398785
99398813
99399204
99399308
99400483
99404396
99404866
99405137
99406005
99406313
99407512
99407654
99407767
99407966
99408033
99408399
99408818
99408911
99410039
99410759
99411550
99412295
99412545
99413308
99414433
99416682
99417127
99418187
99418453
99419457
99420671
99421197
99421487
99421835
99421981
99423281
99423475
99424358
99424836
99424940
99428202
99428874
99430419
99430628
99432030
99438037
99438465
99438676
99438952
99439560
99439686
99439910
99443686
99443917
99444172
99446540
99449686
99449720
99450959
99451748
99452557
99453182
99453341
99453625
99456281
99456365
99457172
99457238
99458677
99458946
99460493
99461087
99461213
99461769
99462452
99463666
99464299
99465924
99468119
99469061
99470024
99470892
99471282
99472225
99472258
99472537
99474356
99475881
99478198
99478678
99479364
99480332
99480675
99481257
99483436
99484148
99484851
99485079
99485866
99485970
99488038
99488310
99488334
99488871
99489195
99489743
99489837
99489848
99490226
99491474
99492077
99492171
99493909
99514228
99515229
99515473
99519624
99520024
99520030
99520144
99521490
99521549
99522010
99522261
99525088
99525398
99525622
99525885
99527255
99527868
99528343
99530534
99531447
99531966
99532398
99532777
99532837
99534346
99535885
99537598
99538572
99539296
99539354
99541288
99543023
99543125
99545123
99546309
99546407
99546989
99547647
99548146
99548154
99551321
99553533
99553743
99555595
99555705
99556211
99556421
99557679
99557866
99558076
99558087
99558735
99558979
99560101
99561762
99562346
99562422
99562485
99563286
99563644
99563976
99564391
99564886
99565051
99566952
99567138
99567469
99567688
99568112
99568220
99570166
99573580
99575791
99576302
99576820
99577107
99578656
99579201
99579919
99580739
99581372
99582237
99582831
99582954
99584499
99586872
99587131
99587384
99588910
99589187
99589602
99592512
99592999
99593519
99594074
99595059
99595483
99596200
99596295
99596531
99596698
99597152
99597216
99597637
99598082
99598867
99599397
99599539
99600535
99603143
99603259
99605104
99605400
99607379
99607662
99607841
99609223
99609671
99611132
99611573
99612304
99612422
99613477
99614028
99614477
99614541
99614696
99616122
99616238
99618033
99618119
99618426
99620127
99620905
99621569
99623765
99623828
99623911
99624772
99624962
99625056
99625477
99625570
99628032
99629633
99629664
99630976
99632633
99632867
99633067
99633414
99633437
99633704
99635603
99636479
99638628
99639691
99639805
99640232
99640251
99642508
99642927
99643206
99643313
99643441
99643545
99643991
99644017
99644244
99645358
99645772
99646349
99646973
99646978
99647653
99648470
99649034
99649613
99649893
99650418
99650482
99650990
99651148
99651572
99651767
99651850
99651952
99652382
99652905
99653625
99653691
99653944
99654638
99655157
99656118
99657255
99657608
99657962
99658150
99658972
99659054
99660037
99660222
99661214
99661738
99662354
99662385
99662854
99662874
99663556
99664151
99664558
99664985
99665840
99666026
99666604
99666890
99667466
99667611
99667646
99670246
99670976
99671197
99671705
99671948
99672544
99672577
99672736
99673136
99674749
99675152
99675807
99676049
99676190
99676526
99676705
99677029
99677306
99677963
99677991
99678007
99678096
99678225
99678607
99679272
99679867
99680088
99680974
99680984
99681278
99681674
99681967
99682147
99682517
99682633
99683029
99683105
99683673
99683856
99683995
99684044
99684118
99684414
99684738
99684878
99685360
99685640
99685659
99685769
99686478
99686497
99686599
99686680
99687347
99688040
99688425
99688578
99688841
99689084
99689375
99695997
99696061
99696064
99696310
99696567
99696739
99696771
99697554
99697662
99697819
99698159
99698547
99698550
99698573
99698619
99699285
99699351
99699536
99700093
99700186
99700394
99700592
99700656
99700668
99700890
99701497
99701549
99701697
99701909
99702092
99702441
99702962
99702986
99703489
99703694
99704349
99704359
99704523
99704820
99704850
99704945
99705074
99705699
99705726
99706622
99706785
99706897
99706969
99706983
99707163
99707752
99707802
99707875
99707982
99708037
99708637
99709064
99709189
99709271
99709401
99709800
99709910
99710107
99710429
99710535
99710840
99710886
99711020
99711151
99711157
99711350
99711376
99711516
99711523
99711525
99711549
99711975
99712003
99712006
99712210
99712662
99712794
99712839
99712935
99713051
99713248
99713305
99713661
99713687
99714091
99714179
99714295
99714367
99714378
99714434
99714491
99714560
99714580
99714612
99714647
99714681
99714730
99714753
99714755
99715033
99715064
99715068
99715089
99715104
99715166
99715167
99715213
99715331
99715348
99715366
99715383
99715418
99715456
99715515
99715529
99715538
99715592
99715608
99715659
99715733
99716004
99716022
99716058
99716109
99716117
99716200
99716221
99716255
99716321
99716359
99716371
99716402
99716410
99716509
99716539
99716559
99716669
99716755
99716764
99716882
99716954
99716988
99717061
99717301
99717319
99717419
99717505
99717660
99717692
99717746
99717791
99717811
99717857
99717932
99717946
99717971
99718010
99718143
99718158
99718178
99718208
99718298
99718304
99718311
99718407
99718411
99718428
99718553
99718556
99718619
99718628
99718683
99718802
99718849
99718878
99718898
99718902
99718935
99718949
99718976
99719071
99719084
99719132
99719171
99719288
99719328
99719334
99719379
99719391
99719409
99719410
99719434
99719499
99719504
99719517
99719518
99719523
99719528
99719529
99719543
99719546
99719565
99719566
99719581
99719593
99719597
99719624
99719635
99719637
99719645
99719657
99719671
99719673
99719678
99719697
99719705
99719750
99719763
99719772
99719775
99719781
99719803
99719809
99719810
99719811
99719817
99719818
99719820
99719825
99719826
99719834
99719838
99719844
99719851
99719877
99719883
99719900
99719901
99719903
99719905
99719913
99719925
99719928
99719935
99719955
99719956
99719963
99719968
99719971
99719972
99719990
99719994
99720003
99720013
99720024
99720025
99720030
99720031
99720041
99720049
99720060
99720064
99720085
99720094
99720096
99720103
99720112
99720115
99720127
99720129
99720132
99720134
99720155
99720181
99720185
99720188
99720209
99720229
99720234
99720246
99720247
99720251
99720253
99720265
99720276
99720279
99720289
99720294
99720300
99720301
99720312
99720334
99720335
99720338
99720343
99720356
99720373
99720374
99720387
99720388
99720400
99720402
99720405
99720408
99720412
99720421
99720428
99720451
99720455
99720462
99720464
99720468
99720470
99720473
99720482
99720489
99720491
99720514
99720522
99720523
99720527
99720531
99720533
99720534
99720537
99720538
99720557
99720564
99720578
99720579
99720586
99720589
99720594
99720600
99720602
99720603
99720606
99720624
99720632
99720642
99720646
99720657
99720659
99720661
99720669
99720678
99720679
99720689
99720693
99720698
99720705
99720735
99720738
99720743
99720765
99720769
99720771
99720777
99720794
99720797
99720804
99720806
99720821
99720825
99720826
99720827
99720831
99720833
99720836
99720842
99720846
99720853
99720854
99720863
99720864
99720865
99720869
99720884
99720887
99720894
1891572
9849949
10464561
98011039
98171961
98421648
98554904
98660707
99109001
99256126
99340811
99340812
99377105
99412292
99412293
99430965
99455863
99566112
99582869
99632398
99650501
99699027
99719758
22910
10242537
10366612
11834767
13080287
91769380
91803190
98013180
98136067
98207809
98236168
98240732
98278060
98301866
98312994
98314742
98324160
98350140
98359385
98360005
98562865
98564297
98686320
98745754
98746045
98747845
98749495
98749780
98771593
98813171
98848180
98939340
98946319
98996333
99117414
99127321
99169151
99275261
99276767
99296185
99317886
99345735
99388911
99412288
99435594
99469802
99485156
99533720
99552410
99576194
99579171
99584700
99587012
99595024
99613714
99618401
99682860
99683306
99683321
99683337
99683604
99683962
99684455
99684996
99685043
99685730
99686003
99686070
99686076
99686080
99686083
99687325
99687333
99687340
99687561
99687839
99688091
99688413
99688974
99689149
99689327
99689566
99689661
99695293
99695325
99696099
99696554
99697021
99697254
99697549
99697940
99698122
99698143
99698326
99698488
99698544
99698608
99698692
99698807
99699122
99699279
99699503
99699730
99700574
99700621
99701019
99701038
99701072
99701279
99701296
99701633
99702069
99702139
99702142
99702282
99702340
99702479
99702690
99703021
99703034
99703219
99703441
99703479
99703765
99703798
99704228
99704315
99704346
99704641
99705254
99705563
99705920
99705943
99705994
99706026
99706386
99706866
99707151
99707190
99707693
99708435
99708484
99708543
99708790
99708944
99709267
99709500
99709932
99710216
99710265
99710620
99710735
99711017
99711120
99711470
99711787
99711821
99712061
99712129
99712135
99712549
99712657
99713491
99713498
99713596
99713714
99713821
99713923
99714067
99714543
99714573
99714590
