11419
14838
15383
15755
16085
22443
22641
23229
23490
23593
24159
33788
43974
49931
54074
55333
56272
58458
59391
59733
86957
105331
105601
105714
105935
108241
108282
117287
123674
123994
125929
125970
127242
127568
127898
128042
128203
128518
128530
129041
129201
129220
129230
129322
129405
129955
135464
137854
138729
140054
140288
140301
142032
142579
1069058
1077853
1147500
1147869
1163085
1175818
1230486
1250114
1265281
1274440
1289295
1309421
1309732
1313556
1592298
1616707
1625832
1861221
1873213
1886027
1888872
1893124
1893596
1990303
2000824
2000920
2026304
2036253
2043141
2051445
2054928
2054987
2060419
2061187
2073616
2084944
2087831
2088148
2097807
2110601
2501912
2504794
2562367
2567684
2567774
2568812
2589295
2590891
2598638
2603347
2607614
2943098
2950124
2959731
3278422
3293233
3608710
3629365
3630943
4151751
4152923
4171016
4271110
4274250
4625184
4639030
7612905
8626574
8627651
8627904
8628157
8628430
8629573
8630021
8630424
8630748
8638738
8638942
8640775
8643430
8645734
8646459
8702616
8705621
8716674
8718313
8721326
8721880
8725814
8727017
8729183
8730778
8731690
8734616
8735157
8739197
8747016
8752823
8754511
8759743
8762019
8765424
8767670
8780575
8796950
8799999
8800440
8800971
8802527
8803639
8806707
8808417
8808507
8809112
8810920
8811247
8812470
8813860
8820152
8821280
9046197
9046243
9053998
9062427
9081093
9099693
9100517
9105759
9106476
9116094
9119537
9122954
9126589
9142214
9146810
9150745
9159809
9165298
9171106
9192834
9380480
9381000
9387539
9393515
9404476
9414252
9414729
9419720
9419942
9423393
9431526
9432310
9432950
9436841
9460032
9468276
9469408
9485430
9487874
9488104
9488922
9498409
9507931
9524076
9531048
9531061
9531347
9531473
9533442
9534807
9543396
9570521
9572783
9573240
9580717
9589226
9590198
9592916
9595532
9598979
9599289
9599458
9610530
9615339
9636027
9655454
9679233
9686077
9844338
9845314
9847392
9852331
9877727
10147628
10157774
10158330
10162343
10165401
10169065
10192468
10194972
10199701
10215593
10242537
10245889
10261994
10268062
10287824
10288173
10297609
10301208
10302479
10302847
10308033
10319320
10320083
10320680
10323357
10325404
10334869
10337396
10340802
10343652
10357088
10360933
10362153
10363444
10366186
10371831
10375105
10379473
10380658
10385713
10400470
10413251
10416012
10425927
10431345
10438775
10443965
10445880
10453725
10454149
10471025
10475354
10476174
10477535
10482476
10487670
10489519
10495902
10497373
10499284
10501228
10504492
10508867
10510708
10521937
10527055
10528230
10528383
10534405
10535007
10535419
10535810
10540202
10545270
10551034
10555699
10562229
10566405
10574916
10589120
10601752
10603319
10614934
10615673
10619132
10621356
10626865
10632283
10633694
10639272
10648148
11685658
11687984
11691044
11695020
11706229
11708315
11711375
11711545
11716075
11716537
11717922
11731270
11731614
11731662
11743501
11743750
11754366
11755030
11755162
11772248
11772573
11772776
11775235
11780672
11804079
11808920
11816951
11824103
11838398
11845821
11863710
12990735
12990795
12990815
12991276
12991331
12997807
13005094
13005482
13005832
13006269
13007008
13011056
13013582
13013715
13021720
13026271
13026593
13026642
13040487
13056082
13057283
13062147
13073700
13075900
13076541
13080287
13091164
13093259
13102612
13106366
13153151
63514015
66266950
66269621
67188745
91012724
91014854
91023513
91054534
91079055
91080545
91081605
91082155
91083665
91099105
91100202
91113305
91117575
91117995
91123175
91134981
91137295
91148613
91517350
91530930
91544700
91590100
91595750
91647630
91657640
91671340
91674850
91679270
91688700
91688950
91701910
91717880
91738920
91748360
91751520
91752230
91753900
91760950
91780430
91783492
91794331
91794421
91798382
91799780
91829410
91835440
91847760
91867380
91871410
92026815
92573930
92605270
92612420
92617650
92618280
92621750
92640280
92645880
92648580
92652140
92656130
92660090
92664640
92664870
92671440
92678610
92681030
92693020
92701470
92721310
92727940
92728620
92744690
92754450
92757570
92773130
92795220
92803010
92804500
92810910
92829120
92851990
92869990
92884830
92887340
92892680
92904040
92994240
93024452
98000442
98010733
98010913
98011029
98011159
98011249
98011400
98011588
98011682
98011872
98011910
98012045
98012063
98012149
98012488
98012526
98012691
98012870
98012881
98013012
98013233
98013250
98014051
98014166
98014417
98014443
98014493
98014607
98014814
98015123
98015418
98015441
98015554
98015572
98015643
98015917
98015969
98015987
98016395
98016474
98017363
98018721
98018801
98021043
98021369
98021378
98022587
98024220
98024230
98025605
98026047
98026098
98026283
98026756
98027169
98028306
98028595
98029604
98029840
98030703
98030941
98031463
98033329
98033672
98034647
98034871
98036972
98038739
98039016
98039037
98039621
98042456
98042671
98042777
98042870
98043326
98045842
98046114
98046217
98046228
98046478
98048538
98050240
98052954
98052971
98053051
98053105
98053275
98053302
98053493
98053495
98053646
98053734
98053758
98053799
98053807
98053977
98053994
98054058
98054420
98054474
98054656
98054755
98054803
98056325
98056408
98056633
98056640
98056670
98056678
98056802
98056876
98057055
98057069
98057355
98057531
98057617
98057751
98057844
98058028
98058042
98058311
98058694
98058724
98058975
98059308
98059450
98059664
98059846
98060059
98060243
98060313
98060325
98060630
98060651
98063339
98064374
98064445
98064547
98064703
98064767
98065004
98065407
98065485
98065496
98065530
98065591
98065610
98066409
98066554
98066588
98066817
98066907
98067075
98067090
98067471
98067859
98068015
98068409
98068474
98068627
98068643
98068665
98068666
98068809
98074782
98074957
98074961
98080903
98080935
98080947
98081012
98081412
98082925
98084147
98084169
98084310
98084540
98084670
98084698
98084749
98084830
98084860
98085283
98085305
98088107
98088125
98088135
98088157
98088882
98089916
98089921
98090250
98090873
98090888
98091117
98091263
98091413
98091459
98091498
98091586
98091709
98091837
98092028
98092142
98092160
98092163
98092343
98092480
98092535
98092662
98093220
98093251
98093270
98093493
98093543
98093547
98093636
98093717
98094246
98094534
98094853
98094975
98095070
98095109
98095350
98095394
98095395
98095514
98095522
98095765
98096364
98096385
98098393
98114304
98114313
98114341
98114376
98114844
98115176
98115282
98115465
98115569
98115601
98115763
98115843
98115846
98115902
98115936
98117405
98117478
98117618
98117699
98117741
98117829
98117949
98118262
98118276
98118331
98118431
98118868
98118891
98118960
98118962
98119073
98119119
98119224
98119355
98119426
98119554
98119782
98120242
98120610
98121275
98121332
98121437
98121710
98121765
98121959
98121961
98122020
98122085
98122177
98122337
98122557
98122672
98122811
98122821
98123295
98123521
98123541
98123542
98123563
98123930
98124033
98124182
98124245
98124296
98124392
98124454
98124659
98124748
98125093
98125114
98125346
98125898
98126276
98126287
98128324
98128436
98128540
98128594
98128782
98128974
98129175
98129182
98129248
98129405
98129423
98129620
98129659
98129685
98130066
98130117
98130310
98130538
98130863
98130888
98130898
98130929
98131025
98131410
98131621
98131939
98131990
98132101
98132217
98132275
98132470
98132703
98132715
98132737
98132899
98132962
98132990
98133062
98133093
98133290
98133480
98133518
98133567
98133781
98133825
98134061
98134167
98134645
98134665
98134775
98134897
98134962
98135583
98135594
98135650
98136054
98136059
98136476
98147043
98147331
98147392
98147438
98147563
98147649
98147671
98147825
98147913
98148153
98148409
98148443
98148778
98149010
98149057
98149143
98149513
98149570
98149749
98149911
98150010
98150057
98150064
98150197
98150292
98150506
98150553
98150612
98150672
98150694
98150884
98151013
98151702
98152198
98152382
98152494
98153038
98153583
98153694
98154100
98154122
98154177
98154410
98154442
98154509
98154685
98155280
98155281
98155316
98155340
98155355
98155515
98155535
98155538
98155710
98155753
98155778
98155816
98156078
98156087
98156090
98156105
98156206
98156303
98156530
98156622
98156669
98156752
98156975
98157138
98157399
98157614
98157641
98157844
98157919
98158140
98158228
98158378
98158605
98158795
98159068
98159125
98159318
98159400
98159706
98159712
98159851
98159929
98160121
98168165
98168269
98168363
98168390
98168527
98168561
98168886
98168979
98169033
98169060
98169138
98169190
98169389
98169572
98169679
98169756
98169907
98169987
98170174
98170177
98170352
98170358
98170450
98170467
98170549
98170568
98170584
98170744
98170760
98170859
98171176
98171301
98171329
98171402
98171613
98171789
98172268
98172289
98172318
98172348
98172449
98172508
98172975
98173355
98173422
98173939
98174015
98174034
98174240
98174333
98174374
98174618
98174743
98178880
98178915
98179079
98179116
98179152
98179157
98179700
98179749
98179790
98179801
98179825
98180228
98180275
98180393
98180624
98180650
98181077
98181233
98181311
98181849
98181885
98182046
98182239
98182269
98182277
98182341
98182363
98182453
98182636
98182746
98182781
98182835
98182850
98183382
98183576
98183678
98183815
98183842
98183941
98184622
98184714
98184793
98185601
98185759
98185887
98185903
98185911
98186064
98186104
98186142
98186152
98186189
98186662
98186778
98187545
98187638
98189064
98191017
98191070
98191513
98193047
98194649
98194655
98195476
98195625
98196037
98200870
98203315
98203322
98203512
98203698
98203914
98204001
98204012
98204020
98204174
98204184
98204391
98204494
98204616
98204875
98204925
98204938
98204986
98205106
98206359
98207678
98207695
98207861
98208416
98208814
98208818
98208838
98209422
98209445
98209528
98209780
98210014
98210229
98210314
98210366
98210410
98210522
98210589
98210634
98210718
98211174
98211446
98211506
98212133
98212195
98212329
98212989
98213480
98213511
98213534
98213798
98213894
98214244
98214807
98215007
98215087
98215112
98215240
98215651
98215736
98215970
98216001
98216312
98216340
98216716
98216731
98216830
98217018
98217037
98217407
98217444
98217456
98217564
98217765
98218135
98218329
98218799