121012
128688
129878
1101835
1310168
1311907
1592291
1856114
4617800
8634569
8700004
9125343
11777136
13026662
13074422
91754030
92594970
92595350
98053345
98055326
98058110
98058698
98091811
98094821
98115841
98118423
98120996
98121834
98132109
98132256
98149837
98171554
98204241
98207860
98219592
98221520
98238510
98240678
98244639
98278330
98279436
98296814
98301822
98303541
98321605
98322483
98389062
98391838
98400972
98423083
98523428
98564421
98565288
98580552
98638391
98640873
98697155
98710646
98746695
98748042
98749228
98751446
98791328
98798753
98809028
98830646
98848647
98857954
98892837
98905687
98920843
98921811
98922078
98936510
98941641
98945858
98955718
98998260
99002404
99013018
99013389
99050033
99067735
99097897
99107503
99120314
99126548
99162952
99169106
99174213
99191169
99193351
99194960
99229699
99252032
99254989
99265295
99267364
99269047
99271368
99276668
99287773
99288949
99293787
99294849
99299921
99303048
99303463
99304265
99305393
99312811
99321728
99323595
99324652
99333539
99358945
99375049
99376239
99382586
99391969
99393963
99396421
99412016
99421311
99428926
99431371
99431951
99435772
99436790
99443848
99444112
99457869
99463320
99471751
99473094
99478021
99481235
99485507
99490963
99495176
99513753
99526892
99530561
99535440
99543611
99547472
99548139
99550711
99551007
99556666
99567101
99570863
99576263
99580571
99580984
99582406
99586539
99588551
99589928
99592982
99593724
99595404
99597402
99599682
99599881
99601108
99603998
99606697
99607693
99609707
99613388
99614211
99614495
99618097
99625287
99633550
99638773
99640234
99640912
99641053
99641292
99645202
99650671
99652027
99654692
99655123
99659742
99660131
99661559
99661654
99661664
99666071
99669433
99671152
99676573
99679767
99680288
99681600
99682156
99682234
99682247
99683266
99684056
99686876
99686973
99688159
99688860
99689033
99698672
99700909
99702011
99705807
99706323
99709844
99711553
99714994
99718701
99719266
10434200
11716213
98040136
98053195
98057506
98093544
98123674
98128725
98150346
98150440
98181731
98215237
98219321
98244004
98258471
98262804
98267327
98283119
98301628
98306641
98309967
98321381
98323004
98324185
98336318
98385821
98557649
98667132
98751541
98918206
98954843
98978888
99025885
99027461
99066222
99066230
99066233
99119062
99135978
99170053
99195821
99264709
99268662
99285013
99287918
99313061
99338031
99347697
99347878
99353891
99362652
99362857
99363144
99366337
99366441
99366457
99374195
99379032
99399400
99404585
99423847
99435133
99436874
99473380
99520298
99530351
99531888
99531890
99538787
99538805
99540754
99540887
99549061
99549070
99559892
99559899
99569329
99569331
99569333
99569770
99572076
99572077
99576981
99580095
99580641
99580644
99580645
99584084
99584834
99589273
99591210
99591211
99591212
99595706
99597340
99597342
99599881
99600581
99602705
99602708
99602717
99605266
99605267
99605886
99606387
99608383
99609622
99610104
99615105
99615106
99616739
99619734
99620063
99629946
99631164
99632224
99632558
99634323
99638397
99643677
99643678
99643682
99643684
99646486
99646487
99646488
99648757
99648758
99649477
99649989
99650567
99651931
99651932
99651997
99652000
99652001
99652003
99654484
99657845
99657847
99657848
99657849
99659156
99660588
99660591
99660593
99662044
99662052
99662055
99670474
99674242
99675475
99677200
99677449
99679733
99679905
99679907
99681637
99681816
99681831
99697788
99697793
99697794
99697795
99705171
99705595
98093544
98095266
99375630