10434200
11716213
98040136
98053195
98057506
98093544
98123674
98128725
98150346
98150440
98181731
98215237
98219321
98244004
98258471
98262804
98267327
98283119
98301628
98306641
98309967
98321381
98323004
98324185
98336318
98385821
98557649
98667132
98751541
98918206
98954843
98978888
99025885
99027461
99066222
99066230
99066233
99119062
99135978
99170053
99195821
99264709
99268662
99285013
99287918
99313061
99338031
99347697
99347878
99353891
99362652
99362857
99363144
99366337
99366441
99366457
99374195
99379032
99399400
99404585
99423847
99435133
99436874
99473380
99520298
99530351
99531888
99531890
99538787
99538805
99540754
99540887
99549061
99549070
99559892
99559899
99569329
99569331
99569333
99569770
99572076
99572077
99576981
99580095
99580641
99580644
99580645
99584084
99584834
99589273
99591210
99591211
99591212
99595706
99597340
99597342
99599881
99600581
99602705
99602708
99602717
99605266
99605267
99605886
99606387
99608383
99609622
99610104
99615105
99615106
99616739
99619734
99620063
99629946
99631164
99632224
99632558
99634323
99638397
99643677
99643678
99643682
99643684
99646486
99646487
99646488
99648757
99648758
99649477
99649989
99650567
99651931
99651932
99651997
99652000
99652001
99652003
99654484
99657845
99657847
99657848
99657849
99659156
99660588
99660591
99660593
99662044
99662052
99662055
99670474
99674242
99675475
99677200
99677449
99679733
99679905
99679907
99681637
99681816
99681831
99697788
99697793
99697794
99697795
99705171
99705595
98093544
98095266
99375630
98320659
98834972
99191226
99265246
99408698
99411525
99414372
99519928
99548488
99561956
99564874
99572634
99573603
99575842
99584257
99585413
99586851
99588091
99593918
99594321
99596195
99602593
2584620
92638980
92686890
92743110
98014431
98041487
98212088
98282858
98314396
98362831
98373483
98389125
98399157
98659363
98698628
98826963
98883802
98916506
98921238
99044000
99138341
99144082
99169225
99191896
99202683
99290463
99291890
99305465
99309089
99309199
99392281
99400381
99434426
99450869
99466281
99473916
99477497
99480097
99485499
99487623
99515943
99518256
99520698
99535193
99556660
99565325
99566635
99569124
99582793
99594990
99610455
99610983
1310607
1310991
1312768
1312948
1313014
10208350
98011444
98013009
98053607
98135560
98157538
98157645
98158423
98182121
98187178
98187907
98247609
98247693
98265905
98267867
98278761
98302047
98302548
98303721
98307794
98322053
98351476
98382179
98383369
98387222
98537906
98604083
98607589
98661236
98685727
98699785
98707709
98708511
98710351
98727864
98836113
98837537
98855117
98855248
98876585
98877264
98899971
98914659
98914986
98915260
98941619
98955745
99026134
99036319
99068073
99068630
99097664
99109860
99124699
99124992
99134812
99135519
99137192
99151861
99172046
99175440
99253695
99264597
99293051
99295177
99298103
99298512
99300341
99308322
99316401
99316496
99333358
99334367
99339467
99340719
99340880
99342793
99345206
99351100
99358945
99359549
99364794
99366800
99368323
99373332
99381984
99382026
99383403
99383988
99385997
99386432
99386684
99390661
99398668
99406491
99421002
99422086
99422278
99423093
99423320
99424608
99433045
99440121
99445756
99448205
99449355
99451348
99451942
99459381
99459753
99469294
99480521
99480611
99485709
99494269
99494525
99517939
99519068
99520389
99522689
99525675
99528069
99533838
99565296
99568762
99569328
99571379
99572353
99573794
99588455
99590552
99594892
99595025
99596760
99600916
99605278
99610259
99617098
99618822
99629597
99637219
99639662
99645135
99646920
99674258
99675114
99697144
99697264
1885345
2014898
2568434
2678083
9583657
9641794
10171197
10354403
10434018
10477788
10522448
10569078
11708681
11717179
11739703
11808649
13005641
13057136
13060514
13135729
91008301
91015912
98011981
98014240
98016119
98016406
98016666
98016895
98024080
98033111
98034875
98048372
98053014
98053157
98053963
98065978
98066214
98066667
98067597
98068368
98068442
98074698
98074915
98084974
98091410
98091765
98093022
98094577
98095235
98095240
98120253
98124878
98125823
98126129
98126890
98128079
98131954
98132028
98132679
98133036
98133041
98133434
98134747
98134755
98141633
98150739
98153241
98153641
98154890
98155201
98158043
98159969
98160109
98160116
98168944
98169644
98169847
98170985
98170987
98170988
98170992
98173246
98174512
98179797
98180546
98182210
98183979
98186918
98203861
98205103
98208451
98209951
98210255
98211227
98214430
98214999
98215444
98221457
98240535
98244261
98244770
98246831
98248696
98248717
98248990
98250390
98251579
98254116
98255260
98255577
98255950
98256881
98257358
98259353
98259549
98261547
98263969
98265486
98266705
98267291
98269965
98270571
98274735
98274955
98279165
98283147
98289875
98291642
98292469
98294357
98294749
98295532
98296219
98297700
98298025
98298738
98302713
98303615
98307175
98307353
98313200
98313992
98314239
98314646
98314839
98315479
98316580
98316610
98316756
98318278
98321427
98322606
98340805
98343096
98359515
98360139
98362418
98372298
98372503
98372740
98373120
98381590
98385564
98385611
98386163
98386268
98386299
98387627
98388474
98389067
98389115
98390998
98392297
98394532
98399810
98400075
98400700
98401217
98403097
98540415
98557890
98563037
98564140
98564438
98564794
98565006
98565824
98595782
98601876
98605047
98638975
98639641
98640886
98640928
98649698
98655937
98658481
98659538
98661226
98661368
98667528
98667787
98668525
98676604
98700409
98700608
98702199
98702325
98702471
98702973
98703737
98710940
98711316
98711467
98718087
98720766
98723623
98728318
98729699
98730192
98730220
98748402
98749702
98750041
98750560
98751183
98784697
98790280
98808472
98809416
98826964
98827302
98827458
98827639
98827950
98828308
98830167
98831157
98831929
98834627
98835309
98837786
98858649
98859210
98870854
98870874
98874118
98879535
98887731
98891287
98891662
98891811
98891994
98892177
98892649
98893935
98894020
98897572
98897902
98898544
98900212
98900521
98901433
98901771
98914464
98915793
98916453
98917396
98918620
98919017
98920017
98921140
98921727
98922112
98929830
98940059
98940262
98943288
98943415
98943898
98944048
98946317
98947033
98955643
98955896
98972686
98973067
98997552
98998306
98998323
99000260
99000670
99000806
99004347
99014248
99021499
99023355
99024270
99026227
99027376
99050973
99061833
99063637
99063641
99063653
99064089
99068105
99069272
99069587
99070630
99070982
99091682
99094740
99095920
99097090
99097984
99098230
99098493
99106695
99106709
99107483
99108561
99115815
99121417
99121773
99122851
99123255
99123822
99123851
99125190
99125502
99125780
99125849
99128312
99128644
99131557
99133739
99134855
99135721
99137756
99146180
99162947
99166526
99168461
99169221
99169360
99169574
99170205
99171299
99172812
99174211
99174715
99175380
99175439
99176342
99177434
99177451
99177934
99182519
99183224
99184157
99184234
99190076
99192245
99192876
99193259
99193761
99194360
99194500
99196906
99197240
99197286
99197948
99198280
99201422
99202509
99228501
99229970
99232197
99242480
99242488
99243876
99243884
99244661
99251305
99252123
99253350
99253383
99253386
99253483
99253897
99255366
99256114
99258137
99258510
99263742
99266040
99268783
99268879
99270471
99270739
99270744
99272220
99276327
99282746
99286336
99287092
99288539
99290276
99291221
99291410
99294264
99294362
99294495
99294708
99295481
99295822
99296589
99299139
99302195
99302352
99303147
99304728
99308162
99310288
99311026
99314063
99316567
99317631
99317686
99319535
99319539
99323427
99324003
99324130
99324275
99324460
99327191
99333268
99333394
99334907
99336766
99336908
99336997
99339247
99339255
99339794
99339861
99340545
99340788
99342423
99346543
99347877
99348189
99350073
99351309
99351312
99351313
99351317
99351319
99352030
99354729
99355629
99356693
99357006
99357314
99357320
99357322
99357323
99357326
99357775
99357780
99359070
99359095
99359413
99360108
99360856
99361242
99362573
99362595
99363347
99365803
99366321
99367681
99367689
99367769
99369057
99369105
99369159
99370075
99370531
99370625
99370706
99371068
99371332
99371418
99372172
99372334
99373042
99373073
99373118
99374988
99376262
99376856
99377052
99377636
99383412
99385082
99387651
99387751
99390145
99390200
99391163
99391229
99392141
99393678
99396551
99396853
99396896
99400638
99402035
99404796
99405665
99407626
99408935
99409860
99410241
99410417
99411639
99415578
99415893
99415993
99416448
99417658
99423878
99424191
99424853
99425532
99430128
99431594
99433358
99433831
99434088
99436967
99437196
99438118
99438360
99441324
99441646
99442205
99442277
99442691
99442860
99443300
99443314
99443497
99444339
99445238
99446141
99448535
99452739
99453385
99454171
99454667
99454822
99455135
99455771
99456455
99457489
99458654
99458929
99459384
99459950
99459993
99460181
99460249
99462505
99463043
99463325
99464720
99465020
99465107
99465672
99465981
99466137
99466318
99468800
99469048
99469357
99469493
99469971
99470817
99471166
99473857
99474184
99476263
99476893
99477206
99477821
99481176
99481897
99486418
99487191
99487803
99488271
99488616
99491583
99492112
99492113
99493295
99494981
99495731
99502655
99514177
99514272
99514768
99515767
99516491
99517528
99521186
99524966
99525000
99526235
99526888
99527364
99529777
99531413
99533309
99534469
99536017
99539174
99539520
99539557
99540254
99540583
99541016
99541398
99542709
99542975
99543951
99544480
99544798
99545627
99546340
99547251
99550711
99550837
99550979
99553233
99553744
99554444
99555104
99557399
99557883
99558649
99558666
99559358
99559723
99559724
99559725
99559728
99561280
99561489
99563093
99564010
99564204
99565046
99565173
99568561
99568825
99572293
99575191
99575652
99579188
99580556
99581034
99582300
99582437
99584442
99584668
99584997
99587973
99589929
99591749
99592153
99593086
99593196
99593962
99594360
99594943
99598069
99599682
99600316
99600321
99600323
99600325
99600327
99600834
99601751
99602014
99603340
99604487
99604526
99604595
99605885
99606395
99607584
99607585
99607586
99607587
99607589
99607590
99609080
99610458
99611097
99612093
99612699
99612700
99612701
99612702
99612779
99613027
99614117
99614321
99614322
99614896
99615025
99616671
99617027
99617100
99618411
99618413
99618687
99618706
99618818
99619907
99619909
99619910
99619911
99619986
99620568
99622219
99628745
99628795
99629175
99629913
99630166
99630394
99630397
99630713
99634534
99634536
99636155
99636730
99637534
99638605
99639079
99639450
99639599
99639740
99640465
99641091
99642158
99642254
99643160
99644321
99644889
99646439
99648499
99649880
99650819
99650821
99653439
99653440
99655356
99658951
99658953
99658954
99658957
99659230
99659459
99659547
99659548
99659549
99659551
99659553
99661257
99662417
99663660
99670565
99673028
99674072
99675278
99678094
99678739
99679966
99680511
99680564
99681331
99681799
99681995
99682056
99682059
99683633
99684033
99684166
99684967
99685097
99685998
99686769
99686784
99686992
99687312
99687435
99687666
99687723
99687734
99687926
99688755
99689528
99696283
99698626
129998
2949915
3630151
4968944
7964071
8632308
12990798
13099278
91005701
91791260
92579790
98012316
98012567
98130724
98131681
98150068
98239594
98264777
9831611
98318477
98320449
98360983
98402574
98702074
98702443
98833241
99182580
99289992
99327723
99352155
99391311
99404336
99413590
99480000
99487158
99492383
99554974
99565040
99567549
99568911
99572583
99574610
99589255
99590121
99593443
99597915
99603624
99610363
99295486
98122371
98154645
98998415
98275597
98183540
99293873
98362202
98323296
99296353
99634601
99487803
98388474
98257975
98303615
98652644
11808649
99391497
99135282
99166526
99339861
99356693
99460181
98096305
99362407
98709124
98271989
98424725
98703430
98272910
98870419
98897016
98539902
98212099
99092719
98668010
98700907
98117395
98019399
99157437
99187271
98259871
98212088
99199859
99259164
98042596
99290337
98425588
99315713
98159788
98711786
99109048
99165341
99193365
99257504
99285323
99285789
99316556
98180891
98038077
98920678
99200988
99306366
8709785
98809143
98272188
99190440
99253024
99269256
99275884
99301347
99311377
99125554
99132586
99195321
99164264
99169809
99063515
98148528
99276158
98273878
99341482
99342380
99344686
99348943
99367447
99374941
99383103
99382967
99382828
99382686
99389295
99388587
99396406
99404622
99408573
99407422
99409553
99405496
99421762
99422407
99377520
99388293
99408428
99441270
99440122
99444723
99374191
99452995
99455133
99138341
99457582
99457273
99411895
99465870
99462465
99460359
99469337
99468572
99468824
99471106
99476234
99483020
99483103
98272904
99486532
99489786
99491035
99493777
99493167
99515535
99523349
99525169
99538871
99538833
99540086
99541801
99542013
99545125
99544304
99546278
99547623
99548090
99549571
99553187
99554408
99556289
99558431
99562552
98090588
98049169
99566635
99571484
99575134
99576044
99576259
99582474
99582793
99585535
99585430
99587210
99594574
99144082
99597990
99601644
99106420
99557514
99566241
92579790
7964071
99370630
11775278
98122371
98540905
98264777
98314796
98311183
98320449
98275597
98702443
99331330
98893913
99442157
98154645
98998415
99634601
99296353
98893751
98830246
98217131
98360983
99293873
98362202
8632308
98183540
98323296
98838390
98057682
11734451
98150068
98093012
98868605
99253133
11824668
99404336
99327723
99401216
99271264
99472048
99475764
99529288
99413237
99562768
99565040
99567549
99568958
99574610
99580567
99573786
99584501
99590973
99615977
99675834
99675842
99295486
99635800
99603624
99604411
99609345
174670
176351
105120
127744
8640
62952
126368
134182
64851
453668
147357
127819
95491
404641
6681
9711
242318
13842
135373
32164
136104
143997
214857
234852
296370
305696
310008
474828
352064
383983
375281
375369
380465
381261
416329
440004
444306
460038
85172
469520
471078
478310
482299
488750
490017
490630
493948
494776
495005
496246
496251
496923
496963
497488
497740
497924
498439
500321
501607
501711
502329
503049
503650
99649489
99649842
99672492
99676378
99681621
99683461
99696517
99697943
99704923
99706801
99710118
99711068
99711282
99712381
99712440
99712944
99713720
99714149
99714301
99716589
99717723
99717790
99526804
128039
9111493
9448743
9841506
11782800
12624788
66268454
98010575
98013578
98055326
98059802
98084109
98156968
98157226
98216297
98252900
98268491
98315856
98325277
98387002
98547862
98565327
98895412
98902674
98905870
98915607
98929677
99014057
99066859
99324880
99345598
99372706
99447532
99464337
99475881
99482869
99488041
99542210
99555349
99570908
99571198
99578663
99579693
99609180
99620712
99622935
99638198
99640937
99643596
99649489
99649842
99662276
99664130
99672492
99676378
99679543
99681621
99683461
99696517
99697943
99704923
99706128
99706801
99710118
99711068
99711282
99712381
99712440
99712944
99713062
99713720
99714149
99714301
99714870
99716589
99717723
99717790
99718387
99719212
99719819
99721048
99722998
99723683
99682156
99669124
99672175
99313747
98322711
99613363
99314761
98208233
99348132
130045
99609347
99609360
99609354
99609343
99447106
99349544
1310168
1311560
99416464
99315609
98120284
99173082
99604599
99660565
99443451
99443455
98245375
99443468
99443472
99443469
99443473
99443467
99443475
99571477
99360859
99194483
99533922
98387843
98738315
99321588
98011063
99176850
99675491
99606697
98092139
98295077
99686421
98918249
99542645
98998353
99426442
99002292
99662413
98945513
99683846
99374527
98669378
99629202
99321008
91814740
98207269
98837103
99050233
99033909
98705233
99426627
4602353
99255802
98669270
98092475
98114791
98569666
99090631
99698536
99297672
99454049
99430987
3131820
99417748
99372137
99407133
99452059
99321317
99689738
99577110
99612749
99645070
2055554
99489419
99490369
99524641
99711110
99128703
99029025
99374724
98212762
99435932
99703674
13044776
98281580
98152950
99651875
99049455
99063558
99721955
99721963
99721965
99721970
99721968
99721960
99080238
99532526
98090074
2564451
99686590
98830062
99146703
98584816
98928722
99052840
99686814
105465
99069017
99169260
8737058
99535258
99687858
99531874
99337487
99069792
99614135
98800505
99671935
99487136
99122607
99689405
99526871
99289091
99655558
99643803
99655559
99643801
99643809
99546709
99641914
99420683
99324518
99324511
99324524
99621558
99268187
99132967
98253121
99565895
99655123
99654727
99654734
99666983
99654730
99163070
99490389
99664592
99664594
99664593
99490391
99166294
99564559
99333948
99546800
11834767
99683201
1303167
98074926
99426307
105553
98131335
99384924
98156351
99688639
98244721
99682654
98266387
99718014
99718959
98639249
98294158
99539552
98604428
99093241
98667114
98181172
98181534
99709081
98746303
98300957
98241706
98835154
99417534
99523753
98134682
99388211
99647385
99062860
99520632
98390030
99483674
99362681
98944701
99169221
99619911
98399377
99637493
99291020
99432252
98157617
99710636
129794
129896
98057444
98837241
91007711
99176051
9201248
98940521
98940527
29310
129020
91018081
98174303
99411809
99687778
99703603
98152680
98802912
99339181
99687969
99549211
12229
99258899
98321627
99572047
91065045
98892195
99567973
98172166
91102925
99313372
99675065
99675341
99675071
99675313
99674912
99675338
99675333
99675084
99674932
99675315
99674930
99675334
99558149
98711223
99520768
99520817
99520804
99520784
99520813
99520799
99520773
99520727
99520808
99645075
99546533
99546531
99655184
99021744
98417921
87314
99630630
91010881
99420213
86982
1310899
14634
4605375
98915669
91594820
99667543
98805653
99709456
99709455
99709458
98750941
98255724
98289955
99184089
9431221
99658160
98955076
99444348
99444325
99444335
99444329
99444322
99315883
99696415
99695790
98310787
98745814
99436376
99290600
98944629
91467520
99594803
99607586
99607589
99607590
99607587
99607585
99607584
99456342
99361602
98279551
99382727
99314838
99477231
99382106
99328487
99538435
99687856
99682614
99707219
99406142
99687920
99718701
99688341
99688347
99378032
99107334
99712786
99373623
99598877
99339702
99598600
99541740
99706340
99590496
98131926
99707716
99707717
99707718
99707719
99228312
99417937
98665803
99688738
98751541
99619734
99646487
99646488
99646486
99659156
99631164
99679733
99679905
99679907
99680407
99289004
99676719
99126079
99167737
99434245
99663212
98403412
99640064
99620851
99542943
13097823
98012487
99557475
99462156
98834436
98283398
99493017
99493011
99342449
99439069
98119095
99700091
99700100
99363080
99707222
98947799
99470860
99470868
99470876
99470883
99706454
99706458
98848057
98064711
99526099
99526105
99526047
99526072
99526156
99526118
99526115
99526153
99490462
99490466
99490447
99490433
98126231
99696634
99696639
99696643
99696645
99696646
99556350
99566381
99556349
99567493
99566392
99564556
99572108
99547254
99547258
99547246
99547239
99547245
99547257
99601106
99614940
99343100
99471877
99586556
99268176
99647350
99597675
99580042
99604869
99606589
99444608
8633840
99608672
99586003
99629842
99629939
99444607
99565220
99574000
99576419
99464009
99686973
99351305
99592587
98179375
99092339
99357390
99610438
99648221
99378035
98278426
98122363
98393574
99383430
99705261
99387875
99575699
99359226
99410551
99696953
99377279
98748389
98891226
99525501
98399108
99687845
99687848
99687847
99687844
99399557
99682028
99672515
99672513
98163456
99487110
99352072
99454271
99482121
99596983
99412440
99487027
99538886
99540925
14124
92661710
13152804
99594425
99415796
98854845
99660639
98298788
99391757
99414442
99412591
99720279
99720273
99720283
99696034
99544459
99430772
99643253
99686172
99425634
99343025
99256126
99663795
99419796
99624632
99433408
99577197
98896619
99624955
99624953
99586879
99611651
99435972
99618181
99346102
98182385
99367781
98263758
98153987
98865869
98865936
99336916
99347477
99636648
99464207
99340432
99338391
99387344
99385954
99385970
99385980
99385966
99378558
98803024
99453479
99520431
99703539
99657608
98902468
99398874
99419535
98919178
99555713
98203391
99162308
99161651
99162513
99163050
99162405
98559114
99435897
99383856
99447534
99638721
99447852
99657880
99670485
99392799
99568999
99453500
99721532
99712342
99453514
98826015
99707312
99676083
91647790
99658986
99458513
99676112
99678563
99678566
99678567
99678562
99678565
99460155
99549440
98803814
1873368
99067796
99708259
99491418
99491420
99584396
99461126
99491371
99467718
98707268
99588020
99472414
99475412
99482049
99536782
99536783
99482825
99527499
99424223
99571979
99571988
99571976
99578900
99578902
99578898
99486764
99490228
99654903
98871705
98870226
99487634
99683996
99609565
99609569
99427654
99494283
98038253
99647467
99192149
92022216
99388217
99452934
98402658
99623347
98266657
98563090
99494813
99494809
99184235
98155619
99476788
99647256
99643428
99515862
99463423
99518652
99531888
98057506
99407908
99525320
99273601
99525321
99525322
99493248
99472316
99638380
99525716
98729063
99408776
99596322
99526667
98919119
99674727
99529087
99375434
98751134
98298012
98955985
98604247
99597679
99536354
99609475
99566397
99568401
99571489
99609477
99580717
99661755
99611774
99611780
99611783
99611786
99704186
99585403
99614290
99614293
99617748
99705953
99705958
99666163
99666162
99618776
99710045
99710041
99672159
99637474
99661753
99661754
99580859
99580722
99611788
99580863
99611792
99661757
99568403
99417097
99607740
99607739
99607738
98747018
99449711
99591497
99569304
99648488
99589367
99582249
99611046
99595683
99569308
99569301
99589170
99582245
99569306
99648490
99591207
99551533
99551538
99551531
99551537
99662804
99662801
99660861
99660859
99577844
99577853
99577851
99561591
99561594
99561584
99724058
98259987
99547977
99549872
99702686
99423996
99717706
98565049
99536479
99552706
99285243
99548571
99547806
99580274
99592204
99592207
99592208
99592209
99592227
99688079
99715143
99658957
99658954
99658953
99658951
99396896
99699435
99659551
99659549
99659548
99659547
99659553
99614117
99559725
99559723
99556833
99714838
99697936
99565852
99635679
99663930
99676577
99382559
99565681
99569112
99570526
99572982
99701017
99573860
98014339
99687873
99699259
99594601
99573354
99723710
99718388
99701631
99701629
99701637
99701627
99667783
99667784
99667785
99712231
99712234
99712236
99712235
99712237
99699719
99574433
99716603
99718440
99651480
99574948
98161888
99433951
99433955
98871167
99669663
99578776
99715463
99617532
99580141
99587433
99587425
99587429
99587441
99587448
99587420
99587418
99612260
99582406
99672047
99582295
99612395
99585141
99611340
99589928
99586539
99599239
99654177
99682606
99684062
99589397
99710809
99589929
99641698
99665770
99659223
99665765
99590465
98524028
99687861
99685542
99595080
99597622
99676379
99597814
99646737
99646738
99584501
99675842
99675834
99615977
99622207
99607921
99609285
99663923
99616708
99616334
99616338
99616327
99259580
99611339
99611692
99713926
99682050
99612203
99705741
99613582
99613579
99614145
99578074
99615167
99405840
99615694
99724930
99616455
99616461
99677806
99677808
99636763
99636741
99706020
99706021
99636765
99637415
99617876
99726046
99726049
99726051
99726053
99618442
99677345
99624256
99624254
99632599
99630051
99634248
99681660
99681659
99108930
99520681
99650544
99676064
99679300
99642860
99642901
99642899
99645276
99645272
99645275
99645268
99645273
99663889
99663888
99663935
99646943
99646933
99674555
99678070
99645978
99664657
99646930
92577060
99132171
99649463
99649480
99649635
99666088
99658633
99658631
99658630
99658629
99653768
99719026
99653986
99679105
99679106
99679100
99679103
99679104
99486783
99687472
99173972
99665586
99699972
99699970
98294070
99663223
99663248
99663262
99663764
99657898
99718031
99706781
99416329
99416325
99706782
99706780
99563747
129676
99676573
99659742
99699588
98711562
99666323
99705014
99705013
99705011
99705010
99705009
99705008
99705004
99705001
99705000
99704999
99667888
99668267
99668276
99668278
99703572
99703571
99703573
99669284
99668646
99669282
99534091
99669362
99669433
99705807
99671152
99682247
99613238
98245289
99170544
99649828
99683863
99683861
99683870
99683859
99683885
99683850
99683872
99683854
99683851
99683867
99683873
99678773
99716209
99716207
99716210
99680378
99689826
99680999
99676492
99640731
99682264
99640734
99687281
99682422
99683471
99683495
99682056
99682059
99698626
99688096
99689398
99688305
99688309
99688312
99688314
99688328
99688329
99688330
99688332
99688335
99688337
99688338
99688342
99688343
99688344
99688348
98386230
99683313
99689058
99696600
99698284
99274598
99683437
99700427
99701505
99705735
99700904
99700907
99700906
99703182
99703189
99703185
99304519
99718307
99124769
99707860
99707463
99708024
99726389
99726386
99674633
99710452
99710751
99710755
99710757
99710759
99711041
99711043
99711046
99711049
99712062
99715154
99229707
99418012
99716820
98934399
99229095
99576119
99717767
99719244
99297776
98056995
99606513
99606542
99590141
99606519
99606535
99590146
99606557
98641099
99620845
99630165
99606509
99606572
99606559
99606563
99630034
99630035
99630037
99630038
99630040
99630044
99630162
99630175
99630176
99720507
99721293
99200676
99131126
99723292
99723301
99723963
99723960
99723962
99723955
99724008
99724001
99724011
99333404
99094841
99586461
99586469
99600336
99566379
99567132
99569187
99603389
99661747
99637475
99586463
99586467
99586471
99586475
99661369
99549125
99614287
99661367
99661368
99567135
99621199
99556247
99621202
99603392
99567122
99548033
99280320
99566378
99601326
99661746
99661748
99661744
99556242
99549201
99532979
99531692
99552419
99581691
99552418
99581687
99581685
99643422
98171554
99384900
99720039
99201062
99544807
99544810
99544809
99544804
99544808
99297051
99723766
99643678
99649477
99643677
99705456
99020013
99315039
99319617
99315076
99310007
99366270
99319740
8636481
99645078
99645076
99645082
99596929
99536263
99720264
98252937
99023165
99433903
98132597
98057397
99527715
98402192
99375018
99375958
99469971
98718087
98701641
99634534
99634536
99232197
10602952
98749986
99681831
99572076
99572077
99580095
99591211
99591212
99591210
99643682
99643684
99365386
98385677
99592842
99592840
99066158
99607652
99607653
99699418
99295464
98207895
98184133
99098216
99707116
99166764
99199621
99179721
99657185
99657187
99490561
99657178
98703983
98703981
99658890
99275338
99661803
98858659
98246466
98385205
98120503
98313251
98294024
99455939
9849890
99469327
99682246
128867
99340315
98124934
99684876
99619196
99584834
98301628
99709299
99662610
99677237
99191793
98540082
99570882
98298163
98827348
98385133
98211599
99606387
98306641
99584084
99605886
99257336
98257179
98918954
99416899
99629029
99632857
99660881
98922454
98186669
98700593
99588905
99013136
99704584
99664669
99047077
98403414
99200547
99092180
99566182
99309262
99107834
99384772​
11023
2566719
8724392
9164145
9164158
9870964
10355956
10434200
11689058
11716213
91596650
91619540
91714630
92753440
98012458
98012872
98014240
98038336
98067597
98067944
98074975
98084974
98091591
98092527
98096119
98123674
98124057
98128725
98132510
98133028
98134343
98144117
98152556
98153494
98153897
98156273
98158809
98177420
98177422
98179210
98180546
98185737
98197882
98203473
98204468
98207077
98207794
98208150
98212238
98213139
98213140
98213144
98213175
98215049
98216301
98239593
98243599
98246197
98247376
98252053
98256513
98259295
98262483
98262840
98263145
98264073
98264255
98264716
98267327
98271283
98283036
98290347
98296424
98297643
98300860
98301822
98308099
98308418
98310705
98313992
98315815
98316655
98319038
98319871
98323004
98324185
98334152
98340859
98349130
98349988
98360084
98373553
98386163
98386610
98388035
98389802
98390983
98422748
98557649
98573673
98590320
98602094
98604114
98604606
98639347
98640742
98658657
98659641
98665977
98667132
98685663
98696845
98699308
98700640
98701529
98704093
98705325
98707814
98727603
98729064
98729488
98729858
98750041
98750884
98751359
98813058
98815642
98817177
98826484
98831231
98834604
98838204
98855283
98856573
98858419
98866654
98868754
98876149
98876803
98877731
98879563
98880152
98880190
98881113
98885225
98896510
98897247
98900296
98901469
98920193
98922334
98943250
98944476
98947026
98955459
98955552
98957988
98959709
98960046
98960101
98996469
98999633
99002949
99021356
99022696
99022700
99025696
99027461
99037632
99051624
99062703
99064739
99065361
99066222
99066230
99066233
99070292
99070499
99072430
99090386
99090891
99092340
99092535
99093018
99094699
99096572
99107685
99108975
99109751
99119868
99121184
99125024
99128935
99128949
99129000
99129996
99131707
99132169
99132173
99133923
99135978
99145820
99150301
99163333
99165280
99166773
99167827
99167881
99168270
99168581
99170470
99170971
99172205
99172939
99176248
99176852
99176853
99176854
99176859
99177082
99189751
99190640
99191297
99195021
99195821
99196586
99202054
99229087
99244573
99244749
99254669
99254771
99256092
99268662
99269520
99276242
99276725
99283527
99284486
99284858
99287918
99289094
99289099
99289105
99289107
99289108
99289111
99289114
99289279
99289859
99292963
99296209
99300387
99301210
99304566
99304803
99306067
99307111
99308739
99308895
99309482
99310160
99312226
99313099
99313672
99313775
99317631
99318085
99318965
99320703
99322345
99324418
99324504
99324505
99324507
99324509
99324510
99324520
99324527
99324528
99324529
99324643
99329694
99330457
99332011
99335871
99335984
99337436
99337679
99338031
99338139
99339247
99339255
99345874
99346739
99347697
99347878
99347893
99348024
99348806
99349227
99349710
99350722
99350806
99350809
99351036
99351258
99354605
99355362
99355427
99356000
99357756
99357775
99357780
99362123
99362652
99362857
99363036
99363144
99363835
99366337
99366441
99366457
99366526
99367689
99368932
99369299
99370501
99373757
99375951
99377311
99378594
99381121
99384150
99384718
99385934
99386821
99388520
99392055
99392202
99394930
99397268
99397408
99397905
99398239
99398357
99398914
99399400
99400668
99402498
99404898
99405261
99406174
99407499
99407971
99408163
99410383
99410399
99411545
99411688
99411749
99411867
99412852
99412956
99413993
99415959
99416269
99420463
99420944
99421939
99423783
99423994
99424191
99424211
99424601
99424759
99424900
99425689
99427636
99427883
99429597
99429635
99430163
99430965
99431340
99432618
99433200
99434522
99435133
99435703
99436731
99438118
99439275
99439357
99442266
99442547
99442693
99443379
99443618
99444344
99444576
99444612
99444616
99444617
99445243
99445563
99446197
99447200
99448013
99449499
99450689
99451374
99451376
99453101
99453103
99453555
99453558
99455545
99455550
99455904
99456346
99456347
99456350
99456721
99456780
99457141
99457150
99457156
99457159
99457170
99457238
99459284
99460049
99460202
99461819
99462004
99462371
99464720
99464815
99465924
99466109
99467895
99467914
99467917
99467924
99468789
99468868
99471166
99473993
99474370
99476263
99477206
99481218
99482130
99482473
99482556
99482982
99483803
99485343
99485951
99486134
99488490
99488908
99489415
99490364
99490374
99490380
99490382
99490386
99490394
99490398
99490400
99490430
99490439
99490442
99490444
99490450
99490457
99490464
99490467
99490469
99490473
99490536
99492113
99493008
99493907
99495917
99502655
99504136
99514242
99516422
99517813
99518118
99518264
99518437
99519830
99520188
99520413
99520427
99520428
99520429
99520669
99523994
99524032
99524083
99525275
99525277
99525278
99525279
99525982
99526049
99526058
99526078
99526146
99526159
99526161
99526551
99526568
99526580
99526586
99526629
99526636
99526645
99526650
99526864
99526865
99528373
99528891
99529527
99530351
99530658
99530732
99531055
99531567
99531694
99531696
99531701
99531719
99531890
99532978
99535688
99536448
99536483
99538119
99538787
99538805
99539506
99540254
99540269
99540583
99540809
99540857
99540887
99541045
99541047
99541049
99541067
99542395
99542709
99544906
99545651
99545895
99546638
99546710
99546928
99547768
99548239
99548242
99549045
99549061
99549070
99549245
99549521
99549929
99551932
99552412
99552421
99552426
99552431
99552435
99552438
99552440
99552443
99552448
99553545
99553983
99554444
99555106
99555175
99556421
99556547
99556666
99557210
99557213
99557215
99557220
99557469
99558025
99558200
99558649
99559358
99559724
99559728
99559892
99559899
99559907
99560197
99560514
99560866
99564558
99564952
99565031
99565899
99565901
99566093
99566101
99566103
99566104
99566106
99566108
99566109
99566112
99566113
99566117
99566121
99566124
99566127
99566128
99566129
99566205
99566368
99567010
99568957
99569220
99569329
99569331
99569333
99569770
99570112
99570588
99571323
99572546
99573122
99573786
99574611
99574849
99575120
99575802
99577733
99578901
99578904
99578927
99581182
99581677
99581690
99581693
99581695
99581696
99581701
99581704
99581727
99581781
99581862
99581864
99581866
99581869
99581872
99581874
99582070
99582836
99582858
99582873
99582874
99582875
99582879
99582881
99582883
99582885
99582887
99582891
99582896
99582898
99582902
99582908
99582972
99582976
99582977
99582980
99582983
99582985
99582986
99582987
99582988
99582989
99582990
99584899
99585272
99585278
99586506
99586510
99586513
99587225
99587402
99589168
99589488
99589918
99589967
99590806
99590973
99592224
99592561
99592564
99593086
99595320
99595346
99595352
99595366
99595373
99595706
99596164
99596215
99596417
99596423
99596485
99596487
99596506
99596509
99596920
99596923
99596926
99596932
99596984
99596986
99598599
99598879
99598940
99599096
99599101
99599224
99599226
99599228
99599229
99599232
99599237
99599243
99599246
99599256
99599269
99599271
99599273
99599275
99599278
99600316
99600321
99600323
99600325
99600327
99600977
99602014
99602705
99602708
99602717
99603592
99605156
99605159
99605162
99605165
99605166
99605266
99605267
99606467
99606564
99606700
99607415
99607651
99607727
99608939
99609622
99610104
99610640
99610905
99611275
99612061
99612113
99613580
99614247
99614559
99614596
99615025
99615105
99615106
99615561
99615846
99616459
99616463
99616739
99617003
99617004
99617005
99617006
99617007
99617249
99617792
99617798
99617799
99617801
99617803
99617805
99618162
99618166
99618168
99618170
99618172
99618687
99619907
99619909
99619910
99620091
99620962
99621128
99621377
99621566
99622219
99622738
99625024
99625133
99628891
99629028
99629583
99629847
99629850
99629920
99629925
99629926
99629929
99629935
99629941
99629943
99629946
99629947
99629950
99629953
99630047
99630158
99630159
99630160
99630177
99630900
99631971
99632224
99632856
99632937
99634071
99634323
99637766
99638055
99638059
99638062
99638063
99638064
99638066
99638070
99638072
99638217
99638909
99639450
99639599
99640316
99640594
99640921
99641842
99641923
99642900
99642902
99642904
99643298
99643303
99643306
99643307
99643313
99643316
99643478
99643728
99643786
99643799
99643807
99643811
99644146
99644155
99645068
99645081
99646512
99646935
99646946
99648757
99648758
99650237
99650426
99650512
99650526
99650533
99650538
99650539
99650540
99650891
99651942
99651997
99652000
99652001
99652003
99652494
99652636
99652802
99652858
99653209
99653650
99654176
99654449
99654735
99655115
99655739
99656066
99657100
99657551
99657845
99657847
99657848
99657849
99658157
99659735
99660588
99660591
99660593
99661794
99662044
99662052
99662055
99662982
99663780
99663805
99664763
99665763
99665764
99665766
99665767
99665768
99665772
99665774
99665777
99665778
99665779
99666984
99668269
99668882
99669907
99669908
99670474
99670796
99671375
99671654
99673748
99674186
99674907
99674919
99674924
99674936
99674942
99675063
99675075
99675076
99675088
99675093
99675295
99675312
99675316
99675331
99675335
99675337
99675475
99675845
99676501
99676715
99676716
99676717
99676718
99676767
99677206
99677207
99677209
99677606
99681374
99682508
99683486
99683488
99683673
99683675
99683676
99683679
99683680
99683682
99683683
99683744
99683852
99683856
99683857
99683858
99683871
99684104
99684275
99685188
99686060
99686337
99686610
99688593
99688596
99688598
99688599
99688601
99688603
99688604
99688605
99688609
99689739
99696283
99696618
99697788
99697793
99697794
99697795
99700092
99700093
99700095
99700096
99700146
99700444
99700510
99700915
99701081
99701506
99701508
99702699
99702987
99703570
99704600
99704995
99705249
99705595
99706835
99707100
99707424
99707426
99707428
99707431
99707464
99707732
99707864
99708654
99708656
99708657
99708951
99709062
99709202
99710008
99710333
99710641
99712284
99712543
99714478
99715553
99717603
99718414
99720813
99721400
99721438
99721950
99723839
99723902
99725511
99726087
99726091
99726105
99726108
99726114
99726115
99726118
99726119
99726123
99726124
99726171
99726172
99726175
99726230
99726241
99726242
99726249
99726250
99726252
99726253
99726257
99726265
99726266
99726275
99726280
99726285
99726287
99726299
99726315
99726317
99726335
99726336
99726369
99726370
99726400
99727082

