129676
91608910
91752620
92841000
98012872
98016764
98150346
98171604
98262239
98275039
98309967
98904409
98934399
99029025
99128703
99128935
99128949
99129000
99196846
99232432
99290600
99290690
99360732
99374724
99416325
99416329
99421311
99436376
99524641
99530561
99557469
99563747
99565031
99573354
99578898
99578900
99578902
99578927
99594601
99596485
99596487
99602112
99609565
99609569
99640731
99640734
99644189
99646737
99652636
99665412
99668646
99669192
99669282
99669284
99676112
99676274
99678562
99678563
99678565
99678566
99678567
99682264
99687293
99687596
99687873
99698284
99699259
99700904
99700906
99700907
99703182
99703185
99703189
99703571
99703572
99703573
99705967
99706780
99706781
99706782
99711110
99716820
99723710
99723955
99723960
99723962
99723963
