105304
105327
105449
105455
105466
105601
105658
105666
105766
106096
108282
108295
108480
109587
110676
117287
121011
121222
123649
123994
123996
124655
124694
132964
136369
137854
139785
142459
142945
1094677
1141508
1147500
1163512
1300897
1309132
1309354
1309588
1309754
1310707
1312642
1313090
1313259
1313556
1313566
1313587
1592282
1592300
1593083
1593312
1593325
1616707
1834051
1849941
1921118
1939769
2000829
2016291
2023001
2084873
2087915
3130401
8626875
8702892
8705928
8721608
8730209
8735157
8766696
8785277
8794543
9058411
9086121
9099631
9111697
9120674
9120956
9122310
9130883
9132428
9142582
9142738
9144377
9144833
9146724
9159390
9165060
9380680
9391162
9431470
9431982
9467368
9473849
9478810
9498384
9520331
9595482
9598979
9599448
9599458
9630753
9832544
10148863
10187209
10231736
10231926
10233408
10234160
10251200
10252393
10256997
10261983
10289284
10291373
10318647
10323357
10337238
10337377
10360933
10375227
10386524
10392222
10419653
10430096
10431434
10440734
10501228
10501853
10513447
10536904
10587797
10590787
10600767
10615715
10632689
11743335
11754370
11754442
11754461
11765770
11824541
11842214
12997922
13005832
13008172
13026271
13038400
13053329
13055558
13076314
13078483
13092241
13094618
13097421
13106363
13106501
13113111
67191149
91009071
91064122
91064925
91079725
91080145
91081605
91081715
91082595
91083335
91083525
91084915
91089581
91099105
91111355
91117755
91117995
91118275
91127475
91132335
91135365
92027612
92849461
92859476
92880572
98011159
98011394
98012077
98012359
98013288
98013458
98014283
98014493
98014562
98014947
98015163
98015800
98016042
98016316
98018103
98018809
98027009
98033331
98039037
98043014
98053025
98053725
98053865
98054097
98057780
98058074
98058158
98058724
98060238
98060345
98065154
98065185
98065591
98065610
98065800
98066487
98066567
98066653
98067144
98067260
98068052
98068309
98074671
98074908
98075024
98080974
98084169
98084655
98084994
98085138
98085236
98091413
98091464
98092584
98092888
98093182
98093592
98093616
98093669
98093933
98094284
98094707
98095082
98095222
98095613
98095648
98096368
98114840
98115394
98116907
98117271
98117420
98117636
98117882
98118162
98118442
98118473
98118674
98119080
98119624
98120325
98120336
98120478
98120910
98120912
98121040
98121262
98121644
98122349
98122847
98122851
98123395
98123473
98123507
98124019
98124849
98126117
98126276
98126518
98128788
98128794
98129089
98129860
98130746
98131548
98132038
98132466
98132911
98133163
98133494
98134340
98134349
98135397
98135633
98135710
98135961
98136141
98136533
98136542
98147031
98147331
98147442
98147489
98147575
98147607
98147647
98147997
98148294
98149669
98149768
98150031
98150045
98150049
98150268
98151112
98151271
98151331
98151878
98151897
98152130
98152640
98152855
98152964
98153130
98153212
98153704
98153772
98154783
98154822
98154908
98154980
98155260
98155983
98156193
98156868
98156992
98157844
98158025
98158232
98158273
98158627
98158750
98158797
98158799
98158809
98158979
98159168
98159238
98159288
98159430
98159572
98159887
98160091
98160202
98160253
98160503
98160711
98160806
98161201
98161352
98161431
98161726
98161816
98162233
98162678
98162802
98162818
98162851
98162869
98163200
98163349
98163898
98163899
98163944
98163994
98164128
98164269
98164320
98164383
98165288
98165475
98165553
98165571
98165614
98165811
98165968
98166010
98166022
98166056
98166332
98166353
98166413
98166453
98166843
98167069
98167526
98167672
98168336
98168347
98168428
98168485
98168951
98169007
98169042
98169531
98169812
98169891
98170022
98170945
98171061
98171329
98172606
98172625
98173039
98173296
98173356
98173676
98174190
98174634
98175096
98175134
98175211
98175551
98175651
98175658
98175694
98175774
98176471
98176600
98176717
98177121
98177164
98177233
98177332
98177444
98177511
98177735
98177879
98178015
98178167
98178245
98178942
98179521
98180021
98180186
98180401
98180576
98180837
98181759
98182283
98182383
98182461
98182577
98182636
98182845
98183130
98183174
98183815
98183847
98184144
98184651
98184989
98185025
98185414
98185878
98185903
98186169
98186650
98186739
98186784
98187186
98187266
98187689
98203346
98203687
98203806
98204015
98204358
98204579
98204875
98205036
98205064
98205145
98207411
98207573
98207668
98207866
98208293
98208929
98209229
98209320
98209350
98209650
98209715
98209855
98210210
98210968
98211058
98211485
98212209
98212306
98212339
98212411
98212459
98212587
98212604
98212815
98212871
98213086
98214262
98214520
98214675
98215197
98215664
98215753
98215904
98215970
98216439
98216592
98217038
98218146
98218701
98219449
98219485
98219504
98219552
98219636
98219667
98219708
98220010
98220286
98220420
98220950
98221077
98221565
98221591
98238193
98238214
98239403
98239638
98239781
98239822
98240118
98240393
98240888
98241035
98241245
98241715
98241805
98243645
98243929
98244065
98244441
98244805
98244836
98245034
98245043
98245054
98245270
98245976
98246092
98246574
98247103
98247106
98247148
98247493
98247691
98248017
98249370
98249957
98250038
98250527
98250693
98250755
98250757
98250790
98251094
98251122
98251221
98251285
98251590
98251777
98251879
98252266
98252537
98252548
98252601
98252758
98253122
98253132
98254092
98254435
98254586
98255081
98255103
98255270
98255517
98255838
98256080
98256266
98256427
98256708
98257138
98257225
98257739
98257827
98257960
98258277
98258343
98259260
98259551
98259716
98260170
98260185
98260776
98261302
98261667
98262752
98262895
98263155
98263514
98263941
98264217
98265038
98265241
98265530
98265539
98265748
98265931
98266036
98266166
98266516
98266519
98266653
98266864
98267059
98267690
98267693
98268173
98268348
98268447
98268665
98268809
98268923
98269307
98269696
98269785
98270649
98274381
98274741
98274844
98274934
98275009
98275212
98275416
98275956
98276071
98276474
98276501
98276741
98277253
98277304
98277359
98277394
98277609
98277783
98278046
98278587
98278695
98278758
98279319
98279501
98280413
98281500
98281532
98281960
98282027
98282043
98282596
98282754
98283000
98283212
98283440
98283733
98283943
98283975
98285207
98285395
98286546
98288270
98288805
98288903
98289318
98289486
98289500
98289554
98289567
98290032
98290065
98290302
98291531
98291641
98291885
98292062
98292178
98292197
98292647
98292787
98293003
98293228
98293431
98293541
98293836
98294867
98295127
98295217
98295887
98295944
98296071
98296195
98296336
98296432
98297149
98297625
98297806
98298495
98298976
98299021
98299195
98300018
98300539
98300728
98300746
98300936
98300940
98300990
98301051
98301211
98301283
98301378
98301428
98301480
98301520
98301908
98302193
98302445
98302556
98303085
98303146
98303608
98303702
98303914
98304249
98304258
98304363
98304627
98304953
98305306
98305709
98305747
98306363
98306514
98307060
98307760
98307846
98307905
98308485
98308692
98308855
98310069
98310106
98310647
98311216
98311223
98312210
98312459
98312740
98312832
98312998
98313245
98313486
98313848
98313862
98314142
98314397
98314890
98314996
98315352
98315491
98315612
98315849
98315919
98316160
98317473
98317589
98317791
98317869
98318216
98318633
98318802
98318990
98319007
98319139
98319381
98319446
98319540
98319814
98319928
98320231
98320259
98320424
98320665
98320924
98320967
98322058
98322327
98322328
98322604
98322670
98322742
98322882
98322942
98323815
98323856
98326137
98326467
98327067
98327205
98327556
98328307
98328644
98328856
98328948
98329234
98329391
98329840
98329916
98329940
98330275
98330326
98330361
98331410
98332244
98332320
98332524
98332564
98332665
98332974
98333206
98334021
98334061
98335078
98335114
98336358
98336630
98337017
98337613
98343392
98343997
98345147
98348245
98348944
98349239
98349369
98352146
98353091
98353389
98358269
98359019
98359087
98359208
98359271
98359281
98359517
98359694
98360499
98360581
98360819
98361753
98361937
98362017
98362681
98362963
98362970
98372253
98372296
98372364
98372407
98373555
98382180
98382607
98383110
98383130
98384633
98384719
98385185
98385340
98385946
98386099
98386104
98386114
98386176
98386273
98386601
98386612
98387006
98387121
98388014
98388135
98388438
98388478
98388695
98388769
98388868
98389261
98389936
98389949
98390889
98391033
98391638
98392384
98392391
98392668
98392899
98392980
98393035
98393140
98393488
98393666
98393809
98393841
98393947
98394168
98394285
98394306
98394375
98394436
98398790
98399611
98399639
98400124
98400522
98400644
98400692
98400926
98401936
98402070
98402247
98402260
98403017
98403211
98403432
98494795
98495060
98495079
98495384
98495933
98496124
98497442
98498003
98498025
98500235
98500492
98500590
98500692
98501809
98504498
98506641
98506789
98508663
98508834
98509256
98509506
98509916
98510281
98511467
98511583
98512492
98513609
98514165
98515034
98516017
98517357
98518405
98519218
98520225
98520463
98521374
98522835
98523105
98523265
98523584
98523659
98524328
98524352
98525951
98526246
98527033
98527323
98527498
98527637
98527816
98528247
98528617
98528733
98530399
98531374
98531450
98531822
98532866
98533151
98536667
98537428
98537692
98537827
98537843
98538678
98538924
98539396
98539407
98539564
98539770
98540164
98540804
98540832
98540886
98548702
98548744
98549473
98549595
98549888
98551015
98552424
98558177
98558214
98558215
98561758
98562175
98562416
98563503
98563949
98564414
98565201
98565376
98565512
98565874
98566172
98566253
98566456
98566495
98566541
98572865
98573384
98573610
98575223
98575717
98575820
98575928
98576236
98576278
98576961
98577656
98578603
98578918
98578944
98579034
98579038
98579126
98579905
98580023
98581972
98582207
98582831
98588991
98589349
98589614
98589804
98590105
98590541
98590692
98591230
98591960
98595345
98597802
98597996
98597998
98599161
98600484
98601254
98601435
98601531
98604255
98604262
98604293
98604771
98604972
98607545
98607705
98608041
98608069
98638938
98639197
98639609
98639821
98639859
98639912
98640236
98640367
98640859
98642048
98654420
98658087
98658201
98658315
98658881
98660169
98660413
98660522
98660579
98660798
98660953
98661138
98661179
98661429
98661848
98663500
98663624
98664348
98664406
98666159
98666393
98666769
98666838
98667004
98667195
98667421
98667770
98667896
98667924
98667960
98668609
98668780
98669122
98669315
98669509
98679539
98685555
98685700
98685768
98685871
98685914
98686007
98686029
98686151
98696628
98697190
98698900
98699117
98699835
98700015
98700072
98700228
98700411
98700756
98700771
98700835
98701467
98701504
98701514
98702112
98702364
98702857
98703030
98703240
98703370
98703513
98703982
98703995
98704065
98704122
98704253
98704358
98704364
98704432
98705593
98705603
98705689
98707163
98708507
98708695
98709819
98709986
98710007
98710228
98710397
98711199
98711232
98711266
98711275
98711343
98711362
98711479
98711628
98712236
98713748
98714726
98715315
98715398
98717347
98717520
98717626
98717735
98718131
98725075
98726352
98726389
98727810
98727932
98727957
98728041
98728306
98728482
98728898
98728911
98728951
98729017
98729430
98730150
98730193
98730303
98732788
98738267
98738462
98740168
98740358
98740680
98740975
98741120
98741208
98741590
98743692
98743755
98743952
98743961
98744282
98744438
98744901
98745511
98745916
98746083
98746106
98746321
98746381
98746846
98746923
98747013
98747849
98747896
98748438
98748670
98748690
98748804
98748978
98749893
98749898
98750040
98750106
98750140
98750571
98750793
98750949
98751469
98756876
98781256
98781551
98785632
98786499
98786960
98786990
98787084
98787216
98787618
98787637
98787808
98788197
98789414
98789789
98789843
98789848
98790575
98790745
98791743
98800037
98800053
98800145
98800498
98801862
98801982
98802576
98802619
98802670
98802796
98803022
98803142
98803277
98803398
98803523
98803586
98805837
98806021
98806700
98806905
98807145
98807486
98807713
98807894
98807958
98808067
98808382
98808566
98808722
98809034
98809255
98809269
98809290
98809544
98809666
98809806
98811109
98811669
98812505
98812974
98813136
98815535
98825383
98825650
98826430
98826616
98826623
98827040
98827202
98827989
98828094
98828445
98828449
98828771
98829068
98829284
98829706
98829825
98829968
98830185
98830242
98830297
98831097
98831650
98831730
98832876
98833330
98833712
98833928
98834204
98834404
98835002
98835251
98835298
98835345
98835461
98835813
98836614
98836648
98836662
98836871
98836991
98837426
98837515
98837519
98837521
98837774
98838115
98838780
98850999
98851118
98851181
98851187
98851245
98851301
98854580
98855152
98855318
98857035
98857186
98857193
98857361
98859162
98859434
98859922
98860062
98861642
98861831
98861838
98861903
98862197
98862279
98863437
98863462
98865283
98865554
98866890
98866922
98867058
98867415
98867907
98869012
98869821
98869956
98870088
98870167
98870444
98870748
98870793
98871475
98871608
98872037
98872070
98872092
98872236
98873621
98873933
98874059
98874112
98876156
98876745
98877485
98878992
98879566
98879947
98880067
98880106
98880217
98881028
98884601
98884941
98887698
98891624
98891928
98892127
98892213
98892305
98893554
98893626
98893704
98894027
98894130
98894135
98894175
98894314
98894419
98894428
98894618
98894997
98895081
98895117
98895500
98895778
98896221
98896668
98896913
98897021
98897151
98897500
98897671
98898471
98898513
98898791
98898916
98899062
98899168
98899428
98900562
98900870
98900971
98900984
98901043
98901345
98901732
98902045
98902122
98902593
98905161
98905533
98914239
98914475
98915496
98915749
98916361
98916448
98916919
98917264
98917266
98917381
98918023
98918196
98918339
98918404
98918752
98918780
98919658
98919758
98919808
98919833
98920459
98920746
98921113
98921487
98921567
98921661
98921961
98922176
98922232
98922365
98922518
98922519
98922650
98922958
98923085
98923186
98923900
98926060
98928279
98930287
98931274
98931331
98931401
98931420
98939091
98939629
98939959
98939977
98940124
98940896
98941091
98941159
98941370
98941686
98941986
98942038
98942507
98942569
98943140
98943299
98943398
98944607
98944908
98944934
98945140
98945303
98945428
98946307
98946527
98946550
98946749
98947007
98947126
98947180
98947269
98947542
98955056
98955482
98955552
98955758
98955940
98955953
98956307
98956344
98956686
98959788
98960009
98960206
98972475
98972737
98980926
98981416
98981582
98981932
98982477
98983710
98984372
98987525
98996037
98996207
98996251
98996360
98996476
98996671
98997070
98997219
98997969
98998549
98999418
98999570
98999608
99000183
99000769
99001405
99002361
99002428
99002725
99003021
99003134
99003408
99003963
99012814
99012998
99013322
99013724
99013781
99014158
99014209
99016688
99018703
99019161
99019364
99019996
99021231
99021682
99021706
99022181
99022328
99022724
99022885
99022887
99023478
99023733
99023756
99024824
99025137
99025211
99025843
99025887
99026026
99026776
99027380
99028310
99034080
99041476
99041541
99041837
99042321
99042478
99049013
99049181
99049512
99050001
99050451
99050507
99050594
99050642
99051528
99051884
99052075
99052111
99052217
99052690
99053134
99058767
99061203
99061432
99061448
99061967
99062572
99062964
99063350
99063407
99063984
99064238
99065006
99065010
99065080
99065286
99065940
99066604
99067259
99067317
99067606
99067758
99067956
99068403
99068583
99069065
99069131
99070287
99082543
99090355
99090376
99090452
99090934
99091530
99091561
99091821
99091934
99092046
99092100
99092659
99092895
99093812
99094070
99094543
99094682
99095351
99095856
99096219
99096466
99096822
99097171
99097385
99097604
99097864
99097987
99098016
99098111
99098358
99098434
99098554
99099071
99099688
99105879
99106642
99106698
99107050
99107484
99107952
99107956
99107970
99107984
99108046
99108121
99108260
99108860
99108869
99108892
99109185
99115738
99115745
99115778
99116005
99116120
99116412
99116476
99118261
99119343
99119348
99119377
99119447
99119561
99119871
99120336
99120541
99120861
99121603
99121655
99121728
99121788
99122140
99122185
99122231
99122527
99122782
99123540
99124975
99125051
99125087
99125642
99126026
99126110
99126175
99126244
99126288
99126833
99127259
99127585
99128025
99128166
99128321
99128507
99128554
99129035
99129154
99129441
99129744
99129926
99131117
99131438
99131756
99132266
99132361
99132516
99133152
99133183
99133281
99133283
99133326
99133329
99133710
99133798
99133812
99134349
99134699
99134722
99135492
99135541
99135596
99135651
99135809
99135986
99136004
99136662
99137400
99138236
99138330
99138349
99139708
99140092
99140101
99140135
99140673
99140761
99145258
99145867
99145870
99146339
99150270
99151705
99154329
99155130
99155566
99157398
99161565
99161571
99161689
99162342
99162410
99162426
99162773
99163067
99163214
99163407
99163465
99163846
99163935
99163958
99163965
99163977
99164686
99165079
99165095
99165137
99165372
99165419
99165431
99165596
99165699
99165828
99166052
99166989
99166993
99167040
99167233
99167647
99167874
99168079
99168371
99168923
99169305
99169327
99169367
99169404
99169491
99169544
99169666
99169791
99169861
99169968
99170299
99170388
99170468
99170660
99170792
99172109
99172252
99172438
99172999
99173055
99173150
99173222
99173399
99173745
99173761
99173819
99174465
99174713
99174724
99174789
99175394
99175681
99175757
99175893
99175919
99176248
99176281
99176442
99176800
99176834
99176897
99177153
99177326
99177845
99177901
99178773
99179394
99179654
99180020
99180147
99180193
99180261
99180588
99180963
99181085
99181136
99181215
99181278
99181503
99181968
99182038
99182190
99182451
99182570
99182700
99182713
99183124
99183330
99183338
99183387
99183651
99183658
99183711
99183768
99184139
99187339
99189460
99189755
99191128
99191320
99191336
99191373
99191423
99191445
99191463
99191747
99191912
99192058
99192263
99192291
99192367
99192589
99192932
99192942
99193066
99193393
99193831
99194023
99194036
99194556
99194753
99195259
99195440
99195512
99195518
99195651
99196093
99196116
99196348
99196351
99196440
99196750
99197030
99197340
99198015
99198432
99198470
99198493
99198515
99198564
99198577
99198847
99199030
99199076
99199091
99199987
99200094
99200163
99200340
99200474
99201239
99201531
99202298
99202354
99202793
99228292
99228372
99228699
99228890
99229124
99229150
99229486
99229647
99229828
99229944
99230731
99234415
99234520
99234906
99235039
99235076
99236454
99237404
99239201
99239548
99251088
99251246
99251549
99251566
99252019
99252023
99253021
99253773
99254238
99255015
99255058
99255300
99255517
99255539
99255596
99256238
99256319
99256707
99256908
99256924
99256927
99257083
99257198
99258054
99258250
99258420
99258681
99258767
99258770
99258832
99259386
99259677
99259786
99259855
99263358
99263621
99263765
99263824
99264022
99264038
99264289
99264489
99264539
99264543
99265358
99265421
99265423
99265587
99266261
99266340
99266497
99266633
99266727
99266815
99266854
99267051
99267132
99267501
99267557
99267708
99267952
99268146
99268219
99268352
99268386
99268741
99268787
99268931
99268969
99269015
99269886
99269904
99270023
99270183
99270194
99270400
99270735
99270822
99271297
99271298
99271464
99271715
99271717
99271783
99271815
99272238
99272313
99272391
99272992
99273144
99273345
99273430
99273442
99273445
99273864
99273997
99274063
99274208
99274338
99274499
99274517
99274544
99274693
99274897
99275677
99275691
99275807
99275954
99276049
99276180
99277236
99280523
99282885
99284671
99284768
99284835
99284995
99285102
99285193
99285245
99285290
99285304
99285997
99286240
99287143
99287584
99287742
99287845
99287947
99287996
99288285
99288354
99288900
99289016
99289144
99289366
99289484
99289567
99289885
99289911
99290118
99290590
99290624
99290919
99291942
99292121
99292637
99292664
99293058
99293277
99293466
99293524
99293555
99293584
99294037
99294046
99294062
99294240
99294714
99294733
99294855
99295140
99295189
99295326
99295392
99296012
99296174
99296390
99296560
99296669
99296824
99297117
99297232
99297437
99297532
99297815
99297845
99298142
99298342
99298703
99299028
99299372
99299626
99299673
99299851
99300189
99300371
99300808
99300838
99301387
99302096
99302161
99302350
99302470
99303091
99303125
99303173
99303387
99303550
99303615
99303684
99303760
99304024
99304238
99304480
99304502
99304553
99304737
99304807
99304827
99304854
99304917
99305020
99305182
99305559
99305947
99305970
99306335
99306475
99306889
99307338
99307746
99308158
99308250
99308257
99309298
99309585
99309588
99309809
99310000
99310064
99310219
99310255
99310938
99310960
99311085
99311118
99311141
99311591
99312182
99312315
99312321
99312433
99312618
99312679
99312737
99313011
99313161
99313346
99313822
99313883
99314600
99314825
99315035
99315418
99315470
99315533
99315534
99315630
99315668
99315797
99316033
99316241
99316382
99317085
99317222
99317284
99317358
99317462
99317628
99317873
99318023
99318600
99318728
99319012
99319014
99319070
99319268
99319417
99319632
99319634
99319940
99320421
99320496
99320691
99320826
99321256
99321314
99321515
99321693
99321698
99322263
99322303
99322319
99322672
99323278
99323453
99323527
99323621
99323777
99323938
99323972
99324537
99324723
99324906
99325421
99325515
99325812
99326001
99326221
99326312
99326441
99326784
99326785
99327003
99327278
99327370
99327517
99327659
99327860
99328053
99328319
99328423
99328518
99328818
99328906
99329049
99329120
99329455
99329961
99330061
99330155
99330329
99330377
99330403
99330598
99330602
99330796
99330977
99332217
99332376
99332472
99332484
99332896
99332995
99333043
99333055
99333129
99333181
99333455
99333465
99333513
99333515
99333691
99333769
99333876
99334236
99334395
99334506
99334746
99334961
99335134
99335200
99335279
99335307
99335764
99335855
99335870
99336677
99336700
99336708
99336839
99336877
99336917
99337091
99337436
99337500
99337576
99337971
99338588
99338794
99340060
99340066
99340569
99341184
99341467
99341558
99341676
99341720
99342114
99342771
99343314
99343543
99343892
99343913
99344394
99344611
99344687
99344698
99345218
99345270
99345278
99345413
99346568
99346846
99346877
99346933
99347195
99347647
99347662
99348073
99348121
99348160
99348345
99348648
99348959
99349152
99349191
99349249
99349270
99349419
99349608
99349832
99349983
99350430
99350561
99350758
99351548
99351795
99351928
99351938
99352236
99352419
99352422
99352703
99352727
99353209
99353371
99353440
99353755
99353812
99354079
99354120
99354128
99354232
99354515
99354523
99354672
99354776
99354816
99355020
99355272
99355462
99355709
99355839
99355864
99355923
99355954
99356124
99356212
99356213
99356247
99356428
99356594
99356622
99356768
99356772
99356835
99357028
99357149
99357317
99357329
99357411
99358150
99358557
99358590
99358816
99359157
99359218
99359406
99359464
99359824
99360152
99360192
99360409
99360432
99361094
99361210
99362097
99362594
99362837
99362886
99362955
99363105
99363167
99363288
99363570
99363604
99363635
99363826
99363879
99364011
99364072
99364125
99364229
99364518
99364549
99364855
99365016
99365278
99365535
99365590
99365632
99365822
99366055
99366241
99366391
99366512
99366617
99366744
99366778
99367079
99367133
99367342
99367526
99367896
99368109
99368147
99368286
99368503
99368608
99368943
99369122
99369293
99369722
99369766
99369944
99370163
99370172
99370344
99370689
99371022
99371231
99371383
99371384
99371476
99371541
99371807
99371843
99371975
99371987
99372129
99372139
99372150
99372259
99372320
99372488
99372974
99373041
99373268
99373318
99373513
99373736
99374116
99374131
99374495
99374500
99374582
99374618
99374697
99374761
99374809
99376184
99376380
99376463
99376945
99377365
99377571
99377807
99377894
99377986
99378060
99378168
99378282
99378290
99378305
99378382
99378446
99378534
99378750
99378754
99378773
99378944
99379819
99379852
99380313
99380392
99380453
99380556
99380793
99380878
99380949
99380950
99381048
99381120
99381123
99381428
99381499
99381526
99381655
99381749
99381902
99381931
99382112
99382147
99382497
99382855
99382955
99383080
99383248
99383536
99383659
99383679
99383750
99384224
99384391
99384421
99384542
99384742
99384744
99384779
99384923
99384969
99385492
99385529
99385763
99385986
99386483
99386734
99386869
99386983
99387326
99387550
99387677
99387998
99388023
99388477
99388495
99388759
99389066
99389397
99389513
99389528
99389549
99389586
99389749
99389824
99389994
99390034
99390109
99390215
99390779
99390872
99390959
99391080
99391111
99391283
99391358
99391914
99391993
99392007
99392129
99392155
99392437
99392772
99392782
99392932
99392976
99393036
99393102
99393400
99393615
99393702
99393709
99393738
99393793
99393959
99394118
99394252
99394307
99394677
99394681
99394808
99394942
99394973
99395006
99395118
99395179
99395305
99395408
99395441
99395574
99395684
99395794
99395813
99395826
99396031
99396057
99396359
99396378
99396704
99397114
99397171
99397192
99397223
99397364
99397487
99397691
99398042
99398054
99398105
99398208
99398290
99398334
99398352
99398355
99398416
99398688
99399008
99399129
99399248
99399353
99399504
99399685
99399778
99400030
99400045
99400295
99400321
99400607
99400634
99401385
99401386
99401654
99401691
99401983
99402040
99402335
99402835
99402898
99403043
99403119
99403427
99403510
99403964
99403968
99404430
99404653
99404657
99404691
99404898
99405220
99405349
99405405
99405697
99405737
99406031
99406095
99406105
99406118
99406257
99406650
99406730
99406791
99407203
99407269
99407775
99407841
99407851
99407864
99407973
99408157
99408288
99408366
99408571
99408952
99409013
99409221
99409355
99409420
99409441
99409515
99409854
99410365
99410640
99410720
99410907
99410964
99411107
99411239
99411291
99411331
99411451
99411979
99412079
99412305
99412424
99413309
99413559
99413801
99413936
99414345
99414602
99414687
99414982
99415064
99415267
99415369
99415473
99415889
99415914
99416370
99416565
99416690
99416932
99417050
99417380
99417432
99417462
99417468
99417919
99417950
99418173
99418208
99418634
99418979
99419562
99419768
99419972
99419993
99420058
99420069
99420197
99420253
99420470
99420554
99420624
99420740
99420821
99420984
99421102
99421270
99421614
99421625
99421675
99421829
99423156
99423779
99423978
99423983
99424130
99424672
99424942
99425036
99425119
99425279
99425295
99425355
99425417
99425463
99425503
99425767
99426077
99426152
99426391
99426581
99426629
99426751
99426845
99427378
99427587
99427829
99427875
99427976
99428155
99428164
99428282
99428527
99428722
99429212
99429252
99429783
99429808
99429883
99429889
99430068
99430103
99430229
99430233
99430324
99430347
99430930
99430945
99431071
99431147
99431239
99431337
99431473
99431497
99431617
99431887
99431956
99432003
99432032
99432179
99432311
99432574
99432628
99432770
99432843
99432872
99432962
99432982
99433305
99433448
99433485
99433538
99433583
99434023
99434198
99434244
99434721
99435091
99435476
99435654
99435808
99435962
99436696
99436815
99437094
99437307
99437353
99438192
99438374
99438624
99438760
99439603
99440399
99440438
99440664
99440760
99440772
99441083
99441099
99441230
99441666
99441677
99441934
99442073
99442447
99442591
99442716
99442739
99443117
99443441
99443445
99443499
99443686
99443738
99443801
99444076
99444159
99444340
99444682
99444750
99444973
99444974
99445094
99445157
99445255
99445337
99445343
99445840
99446473
99446529
99446634
99446830
99446953
99447439
99447812
99448103
99448466
99448790
99448925
99449072
99449074
99449176
99449178
99449536
99449609
99449735
99449837
99449972
99450010
99450022
99450365
99450418
99450531
99450536
99450561
99451478
99451543
99451678
99451801
99451936
99451944
99452192
99452431
99452458
99452597
99452667
99452691
99452734
99452856
99453205
99453923
99454081
99454154
99454226
99454484
99454914
99455134
99455185
99455226
99455230
99455243
99455503
99455694
99455845
99455928
99456155
99456222
99456267
99456332
99456356
99456380
99456549
99456635
99456792
99457102
99457107
99457133
99457172
99457198
99457260
99457752
99457859
99458277
99458347
99458774
99458873
99458876
99458886
99459120
99459130
99459215
99459268
99459406
99459462
99459583
99459850
99459885
99459924
99459978
99460226
99460230
99460272
99460291
99460850
99460872
99460903
99460918
99461125
99461160
99461183
99461289
99461334
99461479
99461700
99461738
99461879
99461908
99462054
99462173
99462208
99462518
99462599
99462616
99462624
99462664
99463081
99463190
99463309
99463604
99463844
99463903
99463926
99464479
99464608
99464657
99464679
99464733
99464953
99465705
99465915
99466027
99466041
99466227
99467124
99467129
99467341
99467344
99467378
99467400
99467464
99467491
99467555
99467680
99467738
99467783
99467821
99467945
99467975
99468031
99468081
99468102
99468133
99468137
99468143
99468218
99468527
99468531
99468804
99468951
99469037
99469073
99469094
99469269
99469303
99469384
99469428
99469946
99469983
99470181
99470241
99470352
99470553
99470630
99471122
99471178
99471270
99471423
99471498
99471655
99471662
99471686
99472033
99472103
99472250
99472284
99472719
99472819
99473106
99473131
99473202
99473299
99473376
99473464
99473551
99473581
99473700
99473935
99473958
99473996
99474034
99474102
99474140
99474344
99474502
99474543
99474766
99474780
99475028
99475221
99475261
99475525
99475731
99475925
99476109
99476133
99476431
99476457
99476512
99476695
99477026
99477060
99477077
99477092
99477124
99477151
99477166
99477232
99477275
99477281
99477700
99477753
99478073
99478130
99478210
99478570
99478620
99478692
99478758
99478823
99478830
99478867
99478944
99478949
99479006
99479159
99479420
99479668
99479778
99479796
99479862
99479994
99480015
99480106
99480138
99480188
99480362
99480388
99480578
99480787
99481051
99481251
99481254
99481389
99481430
99481654
99481875
99481959
99481969
99482136
99482180
99482425
99482517
99482544
99482598
99482915
99482973
99483002
99483497
99483682
99483683
99483689
99483804
99484049
99484117
99484447
99484546
99484559
99484632
99484729
99484839
99485023
99485038
99485336
99485348
99485639
99485785
99485852
99486407
99487029
99487341
99487758
99487868
99487875
99487909
99488246
99488263
99488334
99488341
99488497
99488525
99488655
99488671
99489078
99489170
99489723
99489753
99490139
99490235
99490283
99490350
99490436
99490907
99491104
99491106
99491181
99491290
99491295
99491351
99491748
99492196
99492204
99492457
99492664
99492735
99492767
99492774
99493034
99493161
99493226
99493668
99493719
99493914
99494101
99494589
99494718
99494768
99494939
99495022
99495240
99495388
99495505
99495792
99495858
99513624
99514363
99514383
99514412
99514428
99514670
99514686
99514710
99514988
99515076
99515087
99515111
99515370
99515479
99515658
99515696
99515714
99515779
99515916
99516228
99516291
99516315
99516475
99516522
99516591
99516713
99516748
99516856
99516948
99516989
99517123
99517199
99517230
99517331
99517352
99517442
99517489
99517722
99517890
99518030
99518358
99518407
99518628
99518768
99518942
99519018
99519200
99519479
99519572
99519947
99520000
99520173
99520634
99520670
99520686
99520699
99520891
99521018
99521046
99521116
99521131
99521141
99521184
99521490
99521526
99521654
99521967
99522211
99522299
99522355
99522522
99522604
99522723
99523174
99523369
99523615
99523678
99523907
99524508
99524580
99524653
99524985
99525232
99525327
99525378
99525662
99525665
99525705
99525736
99525755
99525880
99525883
99525913
99526237
99526370
99526431
99526609
99526684
99526726
99526806
99526933
99527146
99527503
99527716
99527830
99527978
99528102
99528115
99528215
99528336
99528674
99528817
99529589
99529850
99529987
99530058
99530080
99530087
99530159
99530323
99530479
99530666
99530949
99531129
99531141
99531156
99531293
99531536
99531700
99531943
99531978
99532214
99532323
99532591
99532647
99532784
99532931
99533031
99533106
99533243
99533330
99533526
99533531
99533544
99533551
99533951
99534224
99534408
99534487
99534523
99534560
99534582
99534923
99534936
99535123
99535252
99535315
99535405
99535441
99535443
99535487
99535564
99535782
99535862
99535892
99536089
99536137
99536170
99536196
99536351
99536600
99536882
99537232
99537328
99537368
99537648
99537842
99537987
99538020
99538248
99538678
99538819
99538894
99538912
99538985
99539168
99539374
99539544
99539605
99539788
99540593
99540607
99540908
99540978
99541138
99541409
99541433
99541700
99542049
99542159
99542302
99542574
99542678
99542719
99542774
99542919
99542976
99543103
99543220
99543532
99543822
99543865
99543889
99543982
99544018
99544361
99544483
99544525
99544633
99544719
99544752
99544913
99544978
99545027
99545114
99545439
99545598
99545713
99545787
99546020
99546354
99546492
99546728
99546834
99546973
99547133
99547215
99547279
99547351
99547366
99547553
99547608
99547626
99547628
99547663
99547704
99547707
99547961
99548116
99548131
99548260
99548302
99548409
99548446
99548456
99548717
99549059
99549232
99549447
99549463
99549582
99549623
99549654
99549730
99549740
99549997
99550215
99550241
99550253
99550493
99550918
99550928
99551112
99551267
99551458
99551490
99551503
99551540
99551685
99551974
99552081
99552148
99552196
99552402
99552479
99552669
99552748
99552868
99552971
99553031
99553067
99553132
99553197
99553230
99553568
99553680
99553760
99553773
99554032
99554034
99554053
99554338
99554385
99554426
99554448
99554623
99554640
99554719
99554750
99554814
99554866
99555033
99555185
99555432
99555504
99555586
99555675
99555778
99555980
99556007
99556199
99556249
99556251
99556259
99556374
99556487
99556495
99556704
99556793
99556963
99557184
99557320
99557521
99557673
99557929
99558008
99558033
99558278
99558319
99558396
99558451
99558691
99558770
99558790
99558870
99559011
99559017
99559085
99559285
99559312
99559547
99559584
99559741
99559847
99559874
99559924
99560020
99560029
99560069
99560164
99560303
99560347
99560480
99560980
99560993
99561033
99561438
99561613
99561886
99561942
99561959
99562106
99562173
99562429
99562778
99562816
99562817
99562885
99563004
99563084
99563224
99563251
99563405
99563595
99563752
99563874
99563926
99563954
99564042
99564720
99564754
99564852
99564903
99565038
99565098
99565219
99565360
99565381
99565394
99565533
99565570
99565748
99565855
99565894
99565945
99566138
99566147
99566254
99566263
99566289
99566438
99566660
99566715
99566811
99566853
99567138
99567139
99567156
99567208
99567293
99567360
99567372
99567412
99567473
99567474
99567555
99567614
99567654
99567721
99567796
99567862
99567937
99567994
99568068
99568256
99568325
99568353
99568390
99568443
99568562
99568566
99568571
99568667
99568728
99568772
99569057
99569155
99569258
99569455
99569519
99569553
99569740
99569897
99570265
99570490
99570613
99570794
99570833
99570838
99570948
99571008
99571220
99571237
99571297
99571315
99571487
99571570
99571689
99571713
99571970
99572028
99572200
99572208
99572231
99572339
99572458
99572765
99572784
99572858
99573080
99573198
99573246
99573287
99573342
99573404
99573591
99573608
99573674
99573831
99573857
99573930
99573935
99573962
99574126
99574195
99574223
99574240
99574246
99574251
99574318
99574326
99574330
99574421
99574429
99574509
99574522
99574631
99574653
99574659
99574753
99574912
99575015
99575101
99575264
99575386
99575730
99575756
99575858
99575966
99576074
99576198
99576260
99576374
99576520
99576673
99576704
99576725
99576820
99576929
99577007
99577045
99577223
99577248
99577298
99577401
99577435
99577467
99577483
99577536
99577584
99577633
99577793
99577979
99578252
99578276
99578449
99578467
99578488
99578582
99578706
99578923
99579273
99579385
99579407
99579454
99579708
99579835
99579883
99579968
99579988
99580440
99580471
99580582
99580620
99580640
99580725
99580736
99580835
99580904
99580908
99581039
99581170
99581291
99581334
99581713
99581745
99581853
99581993
99582016
99582032
99582284
99582330
99582449
99582542
99582553
99582850
99582870
99582997
99583335
99583491
99583829
99583856
99583935
99583946
99583975
99583985
99584145
99584202
99584250
99584521
99584529
99584750
99585015
99585098
99585176
99585337
99585449
99585509
99586263
99586267
99586269
99586379
99586380
99586395
99586533
99586633
99586954
99587031
99587160
99587340
99587380
99587457
99587600
99587615
99587624
99587794
99587798
99588274
99588326
99588336
99588372
99588508
99588518
99588542
99588544
99588578
99588740
99588748
99588783
99589247
99589512
99589766
99589830
99589947
99590001
99590080
99590349
99590403
99590503
99590566
99590862
99590883
99590896
99591028
99591222
99591232
99591325
99591335
99591343
99591368
99591423
99591491
99591553
99591638
99591651
99591694
99591833
99591985
99592065
99592115
99592124
99592145
99592371
99592487
99592556
99592641
99592719
99592745
99592795
99592860
99592917
99592996
99593039
99593073
99593199
99593212
99593487
99593502
99593607
99593732
99593773
99593998
99594019
99594025
99594093
99594125
99594181
99594214
99594273
99594279
99594303
99594313
99594362
99594370
99594531
99594632
99594653
99595040
99595245
99595264
99595485
99595520
99595994
99596078
99596287
99596334
99596522
99596585
99596725
99596733
99596738
99596779
99596818
99597367
99597562
99597669
99597867
99598034
99598095
99598224
99598225
99598304
99598350
99598516
99598628
99598670
99598722
99598775
99598967
99599019
99599035
99599176
99599220
99599494
99599527
99599675
99599736
99599867
99600235
99600343
99600424
99600436
99600448
99600716
99600889
99600990
99601020
99601164
99601274
99601278
99601305
99601389
99601399
99601497
99601515
99601626
99601818
99601856
99601883
99601946
99601952
99602012
99602058
99602086
99602123
99602200
99602224
99602245
99602263
99602342
99602407
99602453
99602484
99602547
99602658
99602691
99602693
99602764
99603041
99603051
99603261
99603270
99603403
99603406
99603459
99603467
99603664
99603763
99603847
99604230
99604329
99604402
99604420
99604604
99604653
99604662
99604694
99604952
99605066
99605089
99605130
99605394
99605479
99605552
99605589
99605628
99605636
99605656
99605800
99605904
99605984
99605990
99606061
99606094
99606258
99606286
99606447
99606537
99606665
99606695
99606745
99606836
99606874
99606940
99606950
99607012
99607070
99607072
99607100
99607120
99607147
99607369
99607412
99607562
99607568
99607682
99607714
99607720
99607856
99607890
99607891
99607967
99607971
99608111
99608122
99608284
99608339
99608400
99608644
99608787
99608864
99608929
99608946
99609057
99609151
99609185
99609223
99609271
99609386
99609647
99609671
99609725
99609904
99610010
99610017
99610177
99610453
99610524
99610627
99610730
99610780
99610800
99610805
99610810
99610872
99611015
99611057
99611402
99611480
99611742
99611766
99611912
99611927
99612008
99612055
99612067
99612339
99612399
99612636
99612685
99612704
99612751
99612767
99612948
99613001
99613004
99613066
99613194
99613280
99613497
99613521
99613544
99613700
99613782
99613849
99613946
99614072
99614206
99614215
99614562
99614568
99614569
99614572
99614661
99614712
99614852
99614968
99615112
99615145
99615370
99615445
99615521
99615658
99615721
99615761
99615769
99615862
99615891
99616232
99616300
99616341
99616345
99616416
99616501
99616669
99616776
99616792
99616906
99616912
99616925
99617116
99617206
99617243
99617393
99617745
99617845
99617929
99617939
99617989
99618068
99618319
99618362
99618371
99618450
99618486
99618506
99618702
99618805
99618806
99618874
99618882
99618910
99618960
99618985
99619085
99619162
99619166
99619233
99619361
99619386
99619401
99619515
99619658
99619924
99619961
99620016
99620066
99620087
99620118
99620143
99620175
99620431
99620432
99620435
99620474
99620544
99620557
99620617
99620728
99620745
99620867
99620922
99620928
99620932
99620933
99620946
99620995
99621022
99621089
99621105
99621112
99621149
99621230
99621429
99621473
99621544
99621686
99621891
99622014
99622101
99622145
99622442
99622464
99622528
99622574
99622758
99622984
99623093
99623125
99623148
99623266
99623306
99623328
99623339
99623362
99623380
99623398
99623540
99623562
99623695
99623809
99623893
99623943
99624103
99624133
99624191
99624293
99624326
99624332
99624466
99624523
99624542
99624689
99624762
99624894
99624900
99624992
99625082
99625101
99625120
99625178
99625288
99625335
99625562
99625606
99627723
99627728
99627746
99627762
99627769
99627837
99627864
99627873
99627896
99627898
99627901
99627990
99627989
99628004
99628024
99628074
99628076
99628085
99628248
99628460
99628519
99628598
99628659
99628664
99628702
99628725
99628880
99628886
99628908
99628928
99628971
99629042
99629099
99629139
99629160
99629199
99629260
99629279
99629320
99629352
99629375
99629478
99629546
99629630
99629681
99629747
99629784
99629973
99629986
99630085
99630101
99630120
99630150
99630274
99630283
99630337
99630376
99630406
99630475
99630483
99630508
99630532
99630616
99630651
99630670
99630672
99630725
99630793
99630802
99630905
99630915
99630957
99631039
99631045
99631068
99631159
99631225
99631254
99631341
99631351
99631382
99631543
99631606
99631691
99631730
99631764
99631777
99631850
99631863
99631901
99632079
99632100
99632132
99632402
99632515
99632539
99632575
99632651
99632693
99632719
99632766
99632859
99632872
99633009
99633057
99633059
99633060
99633063
99633116
99633124
99633335
99633443
99633471
99633494
99633603
99633636
99633638
99633674
99633688
99633712
99633721
99633729
99633769
99633946
99634034
99634053
99634075
99634168
99634194
99634217
99634229
99634445
99634510
99634529
99634549
99634660
99634690
99634736
99634832
99634853
99634938
99634994
99635066
99635238
99635314
99635332
99635349
99635363
99635433
99635440
99635550
99635615
99635658
99635683
99635697
99635791
99635907
99635955
99635959
99636110
99636181
99636183
99636221
99636227
99636292
99636323
99636375
99636400
99636406
99636472
99636506
99636521
99636617
99636630
99636657
99636659
99636667
99636668
99636685
99636693
99636746
99636826
99636889
99636911
99636981
99637144
99637190
99637375
99637396
99637422
99637428
99637431
99637608
99637667
99637738
99637769
99637806
99637840
99637940
99638000
99638205
99638245
99638260
99638342
99638360
99638374
99638420
99638434
99638459
99638530
99638536
99638648
99638738
99638742
99638767
99638795
99638901
99638960
99638996
99639080
99639092
99639100
99639122
99639204
99639353
99639434
99639515
99639579
99639598
99639602
99639614
99639644
99639745
99639752
99639760
99639850
99639857
99639887
99639930
99639946
99639948
99639984
99640003
99640083
99640087
99640117
99640166
99640181
99640224
99640259
99640346
99640352
99640428
99640464
99640467
99640489
99640501
99640508
99640517
99640531
99640589
99640678
99640679
99640697
99640752
99640843
