99640889
99640903
99640910
99640930
99640969
99640980
99641095
99641104
99641118
99641190
99641198
99641240
99641251
99641431
99641449
99641458
99641573
99641612
99641664
99641668
99641910
99642033
99642035
99642249
99642290
99642330
99642331
99642332
99642374
99642399
99642423
99642464
99642465
99642492
99642494
99642534
99642566
99642623
99642653
99642710
99642714
99642725
99642775
99642864
99642889
99642927
99642957
99642972
99642993
99643020
99643021
99643023
99643077
99643187
99643199
99643300
99643381
99643414
99643442
99643443
99643452
99643469
99643578
99643590
99643645
99643670
99643676
99643699
99643720
99643819
99643913
99643937
99643950
99644046
99644148
99644204
99644324
99644326
99644332
99644428
99644450
99644542
99644559
99644592
99644609
99644617
99644620
99644628
99644675
99644698
99644734
99644748
99644753
99644808
99644837
99644849
99644909
99644943
99644954
99644999
99645026
99645042
99645064
99645065
99645089
99645114
99645121
99645167
99645203
99645220
99645261
99645262
99645264
99645281
99645286
99645455
99645456
99645506
99645511
99645616
99645644
99645675
99645683
99645717
99645724
99645727
99645733
99645747
99645827
99645852
99646023
99646045
99646087
99646107
99646136
99646144
99646181
99646193
99646293
99646302
99646313
99646361
99646388
99646400
99646401
99646432
99646479
99646528
99646555
99646557
99646613
99646616
99646629
99646649
99646691
99646744
99646791
99646794
99646864
99646886
99646976
99646992
99646996
99647092
99647116
99647130
99647213
99647261
99647398
99647414
99647565
99647568
99647579
99647594
99647677
99647710
99647711
99647722
99647768
99647803
99647820
99647857
99647862
99647882
99647897
99647914
99647977
99648061
99648101
99648105
99648126
99648137
99648185
99648207
99648235
99648273
99648291
99648341
99648373
99648381
99648396
99648417
99648420
99648435
99648437
99648484
99648518
99648533
99648541
99648547
99648550
99648598
99648632
99648643
99648701
99648741
99648768
99648806
99648836
99648890
99648905
99648926
99648935
99649004
99649078
99649080
99649211
99649213
99649222
99649233
99649263
99649388
99649444
99649522
99649537
99649598
99649664
99649679
99649693
99649742
99649806
99649861
99649935
99649999
99650009
99650010
99650026
99650111
99650137
99650141
99650150
99650278
99650291
99650304
99650318
99650323
99650355
99650392
99650410
99650436
99650458
99650481
99650507
99650529
99650569
99650616
99650638
99650673
99650715
99650722
99650807
99650827
99650836
99650846
99650936
99650954
99651192
99651245
99651250
99651255
99651329
99651377
99651399
99651415
99651434
99651478
99651479
99651501
99651518
99651723
99651768
99651770
99651772
99651850
99651985
99651988
99652090
99652108
99652159
99652169
99652252
99652253
99652318
99652325
99652349
99652383
99652420
99652496
99652513
99652520
99652621
99652646
99652679
99652723
99652765
99652766
99652840
99652901
99652908
99652931
99653019
99653053
99653055
99653072
99653082
99653121
99653137
99653140
99653154
99653245
99653315
99653324
99653330
99653384
99653394
99653635
99653639
99653643
99653653
99653671
99653688
99653700
99653721
99653776
99653889
99653930
99653975
99653988
99654004
99654014
99654053
99654055
99654085
99654090
99654146
99654152
99654223
99654228
99654251
99654260
99654266
99654359
99654382
99654384
99654415
99654416
99654433
99654478
99654547
99654556
99654644
99654649
99654726
99654757
99654852
99654899
99654917
99654932
99654987
99655002
99655022
99655037
99655041
99655076
99655081
99655099
99655150
99655152
99655176
99655201
99655202
99655224
99655243
99655254
99655263
99655279
99655366
99655386
99655395
99655430
99655471
99655478
99655481
99655520
99655534
99655540
99655681
99655717
99655751
99655824
99655842
99655904
99655942
99655997
99656034
99656103
99656109
99656120
99656301
99656351
99656353
99656425
99656457
99656473
99656479
99656503
99656524
99656583
99656645
99656786
99656840
99657048
99657079
99657138
99657161
99657173
99657191
99657195
99657242
99657283
99657293
99657358
99657404
99657458
99657462
99657463
99657487
99657494
99657497
99657553
99657561
99657600
99657618
99657670
99657727
99657743
99657748
99657773
99657819
99657825
99657863
99657906
99657961
99657970
99658006
99658044
99658061
99658083
99658141
99658157
99658176
99658192
99658273
99658317
99658318
99658370
99658402
99658417
99658425
99658455
99658490
99658546
99658584
99658682
99658698
99658725
99658732
99658748
99658783
99658804
99658845
99658920
99658937
99659022
99659041
99659046
99659084
99659159
99659196
99659197
99659295
99659336
99659341
99659363
99659417
99659460
99659463
99659478
99659487
99659491
99659500
99659509
99659524
99659562
99659676
99659716
99659757
99659763
99659766
99659814
99659848
99659849
99659863
99659864
99659871
99659889
99659902
99659920
99659942
99660050
99660053
99660067
99660088
99660117
99660164
99660228
99660264
99660276
99660287
99660293
99660308
99660316
99660356
99660376
99660399
99660412
99660422
99660426
99660485
99660508
99660518
99660560
99660566
99660572
99660592
99660602
99660641
99660675
99660683
99660701
99660747
99660805
99660811
99660815
99660840
99660841
99660864
99660872
99660888
99660972
99661087
99661088
99661089
99661203
99661240
99661266
99661279
99661311
99661321
99661360
99661365
99661393
99661395
99661424
99661552
99661553
99661631
99661632
99661640
99661698
99661699
99661719
99661735
99661782
99661792
99661822
99661830
99661843
99661896
99661897
99661926
99661929
99661940
99662029
99662035
99662038
99662042
99662068
99662077
99662078
99662140
99662141
99662226
99662227
99662245
99662261
99662280
99662295
99662312
99662317
99662345
99662367
99662397
99662441
99662454
99662486
99662519
99662530
99662539
99662551
99662592
99662601
99662618
99662631
99662658
99662682
99662690
99662786
99662796
99662805
99662828
99662830
99662849
99662870
99662904
99662910
99662921
99662930
99662968
99662999
99663057
99663078
99663114
99663121
99663135
99663157
99663194
99663198
99663218
99663238
99663255
99663283
99663284
99663287
99663335
99663338
99663363
99663457
99663458
99663482
99663496
99663522
99663541
99663553
99663559
99663582
99663603
99663620
99663680
99663717
99663735
99663762
99663765
99663794
99663803
99663843
99663917
99663933
99663949
99663963
99663970
99663993
99664016
99664035
99664037
99664059
99664080
99664103
99664106
99664113
99664133
99664257
99664272
99664291
99664341
99664375
99664378
99664408
99664420
99664475
99664524
99664546
99664552
99664602
99664605
99664609
99664636
99664640
99664717
99664744
99664756
99664771
99664795
99664804
99664835
99664856
99664857
99664920
99664928
99664934
99664963
99664984
99665021
99665034
99665132
99665138
99665169
99665179
99665196
99665223
99665230
99665233
99665246
99665261
99665304
99665326
99665397
99665424
99665436
99665452
99665459
99665478
99665491
99665512
99665524
99665542
99665553
99665559
99665561
99665593
99665617
99665648
99665679
99665724
99665738
99665751
99665797
99665799
99665834
99665836
99665851
99665935
99665959
99665994
99666047
99666060
99666127
99666212
99666246
99666263
99666309
99666331
99666372
99666376
99666385
99666407
99666409
99666441
99666453
99666528
99666535
99666549
99666554
99666569
99666634
99666646
99666649
99666668
99666675
99666677
99666699
99666740
99666747
99666777
99666785
99666796
99666800
99666811
99666816
99666820
99666829
99666830
99666831
99666864
99666894
99666916
99666950
99667062
99667095
99667098
99667104
99667137
99667164
99667227
99667242
99667250
99667321
99667329
99667376
99667437
99667447
99667449
99667452
99667500
99667502
99667576
99667581
99667590
99667629
99667664
99667671
99667680
99667682
99667686
99667689
99667719
99667765
99667768
99667776
99667777
99667811
99667816
99667817
99667826
99667841
99667897
99667911
99667935
99667941
99667955
99667990
99667994
99668004
99668041
99668046
99668062
99668084
99668102
99668103
99668106
99668121
99668146
99668167
99668181
99668186
99668222
99668236
99668239
99668240
99668244
99668268
99668335
99668340
99668341
99668350
99668378
99668421
99668426
99668456
99668463
99668476
99668480
99668482
99668483
99668486
99668560
99668598
99668609
99668649
99668680
99668702
99668776
99668778
99668787
99668790
99668794
99668812
99668831
99668861
99668864
99668908
99668909
99668912
99668913
99668916
99668925
99668926
99668938
99668957
99668998
99669000
99669058
99669068
99669073
99669086
99669102
99669129
99669140
99669145
99669153
99669157
99669158
99669165
99669167
99669178
99669179
99669202
99669206
99669212
99669224
99669247
99669289
99669290
99669293
99669369
99669390
99669391
99669415
99669459
99669463
99669506
99669509
99669510
99669519
99669550
99669570
99669580
99669592
99669598
99669605
99669610
99669614
99669634
99669675
99669709
99669746
99669747
99669796
99669843
99669844
99669887
99669895
99669962
99669984
99669992
99670005
99670015
99670022
99670032
99670082
99670085
99670135
99670136
99670150
99670202
99670221
99670234
99670237
99670242
99670253
99670262
99670264
99670274
99670309
99670322
99670357
99670380
99670399
99670417
99670459
99670482
99670501
99670512
99670532
99670533
99670553
99670560
99670602
99670627
99670630
99670646
99670668
99670674
99670681
99670700
99670751
99670778
99670803
99670829
99670846
99670871
99670903
99670904
99670911
99670942
99670953
99670971
99670985
99670987
99670989
99671000
99671024
99671026
99671041
99671045
99671065
99671098
99671099
99671121
99671170
99671203
99671229
99671299
99671305
99671327
99671401
99671406
99671478
99671503
99671520
99671544
99671574
99671581
99671590
99671604
99671605
99671638
99671648
99671656
99671668
99671674
99671678
99671724
99671756
99671766
99671796
99671803
99671808
99671815
99671822
99671832
99671848
99671888
99671922
99671929
99671978
99671980
99672001
99672011
99672018
99672020
99672022
99672023
99672057
99672064
99672071
99672089
99672109
99672112
99672132
99672161
99672189
99672225
99672230
99672237
99672317
99672348
99672349
99672350
99672359
99672366
99672433
99672503
99672504
99672510
99672514
99672517
99672528
99672542
99672554
99672555
99672571
99672572
99672575
99672576
99672586
99672593
99672623
99672641
99672643
99672722
99672728
99672749
99672762
99672786
99672788
99672789
99672792
99672794
99672806
99672831
99672832
99672847
99672854
99672870
99672871
99672872
99672874
99672877
99672878
99672881
99672893
99672894
99672903
99672913
99672919
99672922
99672931
99672937
99672940
99672941
99672946
99672947
99672962
99672967
99672970
99672972
99672980
99672984
99672993
99672994
99672998
99673000
99673006
99673010
99673011
99673015
99673017
99673019
99673022
99673026
99673036
99673047
99673052
99673054
99673055
99673057
99673062
99673065
99673070
99673087
99673089
99673093
99673098
99673108
99673117
99673123
99673127
99673128
99673129
99673136
99673137
99673154
99673156
99673159
99673160
99673163
99673165
99673167
99673168
99673176
99673183
99673189
99673192
99673200
99673203
99673205
99673206
99673223
99673225
99673248
99673249
99673295
99673297
99673298
99673300
99673302
99673308
99673313
99673314
99673315
99673330
99673341
99673346
99673349
99673353
99673370
99673372
99673384
99673392
99673396
99673398
99673400
99673402
99673406
99673407
99673409
99673411
99673416
99673426
99673429
99673432
99673442
99673461
99673465
99673470
99673489
99673494
99673504
99673505
99673507
99673511
99673522
99673525
99673526
99673527
99673530
99673532
99673538
99673539
99673540
99673554
99673556
99673557
99673569
99673570
99673573
99673582
99673584
99673589
99673592
99673599
99673606
99673610
99673618
99673622
99673624
99673625
99673632
99673652
99673653
99673659
99673668
99673669
99673672
99673684
99673687
99673697
99673703
99673721
99673742
99673745
99673746
99673755
99673756
99673762
99673767
99673770
99673779
99673785
99673788
99673790
99673793
99673796
99673802
99673804
99673822
99673835
99673836
99673844
99673851
99673855
99673859
99673870
99673874
99673882
99673886
99673898
99673899
99673902
99673906
99673908
99673909
99673910
99673914
99673919
99673921
99673924
99673925
99673930
99673934
99673943
99673946
99673947
99673962
99673964
99673970
99673975
99673981
99673984
99673987
99673989
99674002
99674026
99674028
99674041
99674043
99674044
99674055
99674056
99674060
99674074
99674076
99674078
99674082
99674098
99674105
99674115
99674116
99674120
99674123
99674131
99674155
99674160
99674178
99674202
99674208
99674210
99674227
99674229
99674241
99674245
99674279
99674289
99674297
99674309
99674333
99674334
99674339
99674340
99674344
99674345
99674359
99674362
99674363
99674365
99674367
99674389
99674391
99674399
99674405
99674407
99674410
99674412
99674415
99674419
99674429
99674435
99674436
99674438
99674440
99674443
99674451
99674454
99674456
99674461
99674462
99674463
99674474
99674479
99674493
99674500
99674507
99674508
99674517
99674522
99674524
99674543
99674573
99674574
99674576
99674578
99674580
99674586
99674591
99674594
99674596
99674602
99674612
99674614
99674616
99674626
99674634
99674648
99674653
99674658
99674661
99674665
99674666
99674687
99674699
99674708
99674709
99674724
99674733
99674741
99674758
99674759
99674765
99674773
99674774
99674776
99674781
99674788
99674789
99674816
99674834
99674847
99674856
99674859
99674868
99674869
99674872
99674878
99674879
99674883
99674885
99674886
99674888
99674889
99674892
99674899
99674905
99674908
99674927
99674961
99674962
99674994
99674996
99674997
99675004
99675011
99675020
99675021
99675032
99675035
99675037
99675051
99675059
99675077
99675083
99675094
99675098
99675100
99675101
99675107
99675109
99675110
99675123
99675139
99675153
99675154
99675157
99675159
99675166
99675170
99675181
99675185
99675186
99675189
99675190
99675193
99675205
99675207
99675209
99675212
99675213
99675219
99675230
99675232
99675238
99675245
99675246
99675247
99675251
99675258
99675259
99675262
99675263
99675268
99675293
99675301
99675319
99675328
99675329
99675347
99675358
99675366
99675372
99675377
99675391
99675411
99675416
99675423
99675424
99675425
99675431
99675439
99675442
99675444
99675445
99675453
99675455
99675478
99675492
99675493
99675498
99675499
99675507
99675520
99675536
99675538
99675540
99675541
99675542
99675543
99675549
99675550
99675556
99675565
99675570
99675571
99675572
99675577
99675582
99675591
99675603
99675606
99675610
99675612
99675629
99675634
99675644
99675648
99675649
99675653
99675662
99675667
99675674
99675683
99675688
99675700
99675701
99675705
99675711
99675713
99675738
99675740
99675751
99675754
99675757
99675761
99675763
99675782
99675784
99675787
99675800
99675801
99675802
99675804
99675806
99675808
99675812
99675813
99675833
99675843
99675849
99675851
99675873
99675892
99675895
99675896
99675907
99675912
99675914
99675922
99675927
99675929
99675935
99675937
99675942
99675943
99675949
99675950
99675953
99675958
99675962
99675964
99675968
99675969
99675974
99675984
99675985
99676000
99676002
99676008
99676011
99676014
99676021
99676022
99676023
99676036
99676037
99676044
99676058
99676075
99676086
99676095
99676098
99676106
99676117
99676127
99676132
99676142
99676160
99676161
99676167
99676175
99676177
99676183
99676189
99676192
99676198
99676209
99676231
99676233
99676235
99676246
99676257
99676263
99676265
99676282
99676299
99676305
99676308
99676329
99676330
99676335
99676338
99676340
99676342
99676346
99676359
99676366
99676369
99676381
99676382
99676387
99676391
99676395
99676396
99676398
99676413
99676422
99676424
99676430
99676448
99676454
99676455
99676456
99676459
99676460
99676461
99676476
99676477
99676488
99676508
99676510
99676517
99676518
99676520
99676531
99676536
99676539
99676546
99676547
99676548
99676552
99676560
99676567
99676568
99676589
99676592
99676594
99676602
99676606
99676609
99676621
99676622
99676629
99676633
99676638
99676644
99676651
99676652
99676654
99676667
99676678
99676692
99676693
99676698
99676743
99676754
99676755
99676759
99676762
99676764
99676766
99676767
99676775
99676782
99676783
99676784
99676791
99676796
99676804
99676806
99676807
99676810
99676811
99676812
99676826
99676829
99676830
99676840
99676846
99676849
99676869
99676870
99676876
99676882
99676886
99676888
99676921
99676925
99676934
99676940
99676949
99676957
99676963
99676965
99676975
99676977
99676979
99676988
99676992
99676999
99677010
99677031
99677032
99677045
99677050
99677056
99677070
99677075
99677082
99677086
99677095
99677112
99677126
99677154
99677156
99677163
99677184
99677192
99677193
99677197
99677208
99677215
99677219
99677221
99677223
99677231
99677243
99677252
99677253
99677266
99677270
99677274
99677284
99677295
99677302
99677305
99677308
99677309
99677312
99677314
99677316
99677317
99677318
99677334
99677344
99677356
99677359
99677366
99677372
99677374
99677375
99677379
99677388
99677389
99677390
99677394
99677415
99677420
99677427
99677431
99677432
99677439
99677440
99677441
99677442
99677443
99677444
99677446
99677451
99677457
99677458
99677461
99677466
99677494
99677509
99677529
99677533
99677547
99677554
99677560
99677564
99677568
99677580
99677584
99677588
99677589
99677591
99677592
99677597
99677610
99677612
99677614
99677622
99677631
99677658
99677665
99677676
99677682
99677686
99677694
99677706
99677713
99677727
99677728
99677733
99677749
99677756
99677763
99677772
99677773
99677776
99677786
99677803
99677809
99677811
99677814
99677819
99677821
99677822
99677827
99677828
99677831
99677840
99677856
99677861
99677866
99677888
99677891
99677896
99677908
99677933
99677936
99677950
99677951
99677952
99677953
99677962
99677972
99677991
99677993
99678014
99678021
99678025
99678032
99678040
99678044
99678047
99678055
99678058
99678060
99678071
99678076
99678085
99678087
99678090
99678093
99678106
99678109
99678125
99678143
99678144
99678147
99678148
99678158
99678162
99678170
99678172
99678174
99678181
99678194
99678204
99678207
99678209
99678222
99678226
99678267
99678270
99678291
99678295
99678305
99678311
99678329
99678332
99678334
99678339
99678342
99678345
99678352
99678356
99678373
99678374
99678380
99678402
99678403
99678404
99678409
99678411
99678413
99678447
99678448
99678457
99678465
99678466
99678467
99678468
99678475
99678476
99678483
99678488
99678489
99678503
99678508
99678509
99678513
99678514
99678540
99678542
99678550
99678551
99678555
99678560
99678561
99678564
99678570
99678575
99678577
99678580
99678592
99678597
99678600
99678613
99678639
99678643
99678647
99678648
99678668
99678671
99678676
99678681
99678682
99678684
99678688
99678689
99678695
99678707
99678708
99678710
99678713
99678730
99678732
99678735
99678741
99678746
99678747
99678748
99678749
99678757
99678758
99678762
99678775
99678788
99678793
99678797
99678800
99678808
99678816
99678818
99678821
99678832
99678844
99678846
99678858
99678869
99678872
99678877
99678879
99678894
99678900
99678905
99678918
99678923
99678930
99678938
99678939
99678950
99678964
99678989
99679006
99679008
99679017
99679019
99679020
99679023
99679024
99679025
99679028
99679038
99679042
99679053
99679069
99679077
99679079
99679087
99679099
99679111
99679120
99679124
99679129
99679130
99679142
99679167
99679169
99679172
99679184
99679187
99679193
99679200
99679202
99679204
99679210
99679218
99679219
99679222
99679225
99679226
99679227
99679237
99679254
99679259
99679265
99679271
99679295
99679312
99679319
99679324
99679327
99679329
99679333
99679343
99679356
99679362
99679363
99679369
99679370
99679371
99679377
99679387
99679388
99679390
99679393
99679394
99679401
99679406
99679411
99679416
99679417
99679428
99679447
99679474
99679475
99679494
99679500
99679503
99679513
99679517
99679523
99679532
99679555
99679561
99679562
99679573
99679575
99679581
99679583
99679589
99679590
99679591
99679603
99679631
99679648
99679649
99679665
99679666
99679667
99679675
99679677
99679678
99679686
99679706
99679718
99679721
99679727
99679729
99679736
99679755
99679768
99679776
99679802
99679808
99679811
99679812
99679820
99679822
99679827
99679839
99679864
99679866
99679876
99679878
99679882
99679894
99679899
99679921
99679927
99679951
99679955
99679963
99679998
99680000
99680007
99680010
99680011
99680015
99680022
99680035
99680042
99680045
99680048
99680064
99680065
99680079
99680084
99680106
99680108
99680110
99680118
99680122
99680123
99680126
99680131
99680134
99680140
99680147
99680157
99680163
99680165
99680167
99680183
99680184
99680189
99680191
99680198
99680202
99680204
99680206
99680216
99680220
99680228
99680242
99680248
99680249
99680265
99680269
99680271
99680278
99680281
99680287
99680293
99680297
99680303
99680321
99680325
99680326
99680337
99680340
99680342
99680344
99680375
99680385
99680389
99680418
99680427
99680432
99680441
99680450
99680452
99680457
99680472
99680486
99680487
99680490
99680491
99680499
99680503
99680504
99680506
99680509
99680510
99680512
99680513
99680514
99680531
99680532
99680543
99680549
99680556
99680562
99680563
99680568
99680570
99680575
99680577
99680591
99680592
99680594
99680596
99680622
99680632
99680637
99680641
99680645
99680657
99680659
99680662
99680665
99680677
99680688
99680691
99680713
99680720
99680737
99680744
99680751
99680753
99680770
99680774
99680775
99680778
99680790
99680798
99680801
99680814
99680819
99680821
99680828
99680830
99680843
99680844
99680847
99680849
99680856
99680860
99680875
99680886
99680893
99680897
99680903
99680913
99680936
99680940
99680942
99680954
99680955
99680967
99680980
99680983
99680986
99680991
99680992
99680994
99680997
99681010
99681020
99681027
99681065
99681067
99681082
99681083
99681089
99681093
99681097
99681103
99681113
99681115
99681117
99681135
99681146
99681164
99681165
99681166
99681168
99681178
99681187
99681189
99681190
99681192
99681195
99681199
99681204
99681222
99681225
99681233
99681236
99681249
99681266
99681267
99681270
99681283
99681304
99681306
99681309
99681311
99681315
99681316
99681318
99681321
99681345
99681348
99681355
99681363
99681365
99681371
99681448
99681498
99681518
99681524
99681540
99681581
99681583
99681601
99681602
99681605
99681612
99681625
99681671
99681722
99681737
99681770
99681792
99681801
99681858
99681901
99681933
99681955
99681978
99681998
99682042
99682113
99682237
99682248
99682262
99682314
99682325
99682336
99682358
99682398
99682436
99682458
99682470
99682473
99682480
99682483
99682502
99682603
99682677
99682703
99682706
99682741
99682776
99682790
99682795
99682814
99682861
99682862
99682890
99682922
99682929
99682935
99682947
99682974
99682982
99683009
99683038
99683114
99683129
99683138
99683153
99683171
99683183
99683270
99683275
99683322
99683351
99683425
99683450
99683508
105098
105307
105831
120854
121070
133147
1140163
2029880
2087871
2112050
8760000
9073387
9128741
9161603
9167017
9192806
9419942
9633623
9879642
10171493
10301450
10302847
10313741
10475177
11708272
11717019
11729149
13022466
13040763
13059364
13083641
13092864
91077275
91126615
92655610
98013818
98014861
98015340
98038661
98053480
98053734
98053955
98054164
98059466
98059788
98060313
98065546
98068008
98084398
98084830
98093662
98094630
98095127
98115072
98115106
98117635
98117795
98117990
98119188
98120381
98124130
98125347
98125403
98126136
98128622
98128659
98129955
98131836
98132882
98153407
98154487
98158523
98158552
98159300
98160324
98161136
98162951
98163431
98164467
98165841
98166833
98168124
98168130
98170018
98170713
98174359
98174850
98175140
98175615
98176638
98177147
98177637
98179583
98180487
98180958
98183324
98184107
98184939
98187772
98204226
98204940
98204965
98207451
98210276
98211141
98213069
98214829
98215449
98216682
98216878
98220270
98220336
98220507
98238424
98239166
98241201
98244814
98246000
98246007
98250214
98252357
98252545
98252642
98253102
98258222
98262103
98262303
98264260
98269142
98269266
98275548
98275980
98286298
98286463
98288153
98291399
98291673
98292613
98294460
98294698
98294701
98294790
98298042
98298180
98300542
98300890
98300983
98303417
98304416
98306403
98309378
98309453
98310457
98311870
98315182
98315703
98316392
98319048
98320142
98320971
98321911
98322321
98323581
98323884
98329800
98334813
98336582
98343369
98346055
98347705
98348853
98349276
98360452
98361195
98362959
98372865
98385628
98387078
98387345
98389666
98389908
98391495
98393532
98403427
98403867
98495076
98495550
98502520
98508946
98512791
98512802
98512850
98513385
98516532
98517006
98519601
98521911
98523976
98526764
98537309
98538172
98538762
98539036
98541002
98549229
98562818
98563898
98564106
98564142
98564962
98565302
98572568
98573626
98575523
98577095
98579681
98579978
98580311
98584116
98597583
98606124
98606911
98607461
98639572
98660013
98660654
98660992
98661259
98663507
98664107
98668306
98679541
98696271
98699788
98703456
98707327
98711984
98715390
98718151
98723880
98729204
98730001
98740457
98745013
98748184
98750700
98779373
98786242
98799028
98801616
98803864
98813149
98821950
98827177
98831376
98831564
98835108
98835228
98835313
98835955
98836352
98851343
98866641
98867459
98868953
98869343
98872004
98872246
98876729
98876828
98879303
98884973
98887750
98891046
98891341
98891658
98892210
98895802
98896072
98896625
98897259
98897780
98898005
98901166
98901492
98901714
98905676
98915031
98915150
98916305
98916467
98917046
98918100
98918484
98919302
98920258
98920561
98921570
98922171
98931038
98939981
98940495
98942001
98942935
98945994
98959992
98972612
98972708
98984122
98996278
98996668
98996685
98999246
99002755
99003150
99004135
99010351
99015028
99022905
99023294
99025844
99026338
99051683
99061743
99062357
99065365
99067836
99070645
99093597
99110768
99116466
99119111
99119353
99121552
99121668
99123588
99124501
99125285
99129028
99131368
99133657
99135459
99135846
99137799
99139182
99140453
99146989
99159207
99162959
99163548
99165098
99167156
99167790
99170214
99170402
99170534
99171224
99171699
99173617
99177132
99182976
99189699
99191015
99191701
99191752
99194852
99196577
99198331
99199138
99200039
99201001
99202693
99202922
99228433
99229172
99229575
99236873
99239422
99251621
99255658
99255744
99256028
99258008
99258980
99259428
99259800
99260111
99264110
99264224
99265451
99265655
99266239
99266334
99267256
99268301
99268689
99275324
99275571
99280497
99285180
99285664
99287294
99287723
99288120
99289001
99290713
99291155
99291206
99294042
99295765
99296268
99297636
99298226
99298652
99299421
99301124
99301886
99302939
99303514
99305540
99305644
99305938
99308731
99313003
99314292
99315789
99316161
99317115
99317394
99318118
99318763
99319547
99320823
99322238
99322425
99322484
99322663
99322813
99323213
99323535
99323842
99324132
99324202
99324358
99324397
99324456
99324547
99324886
99325130
99325268
99325581
99325724
99325881
99325966
99326388
99326490
99326764
99327026
99327054
99327646
99328009
99328329
99328780
99328853
99329044
99329149
99329488
99330562
99331244
99331393
99331548
99331883
99332852
99333168
99333527
99333601
99333613
99334213
99334327
99334525
99334623
99334638
99335030
99335051
99335351
99335390
99335538
99335641
99335846
99336763
99336958
99337938
99338322
99338747
99339152
99339846
99340949
99340997
99341192
99341194
99341257
99341359
99341679
99341921
99342301
99342372
99343009
99343140
99343248
99343305
99343477
99343735
99343907
99344039
99344126
99344231
99344591
99344606
99344838
99345128
99345542
99346261
99346745
99346892
99346947
99347039
99347156
99347730
99348737
99349148
99349181
99349519
99349775
99350166
99350901
99351043
99351724
99351800
99351897
99352218
99352239
99352330
99352730
99353687
99354294
99354763
99355771
99356789
99357368
99357772
99358127
99358269
99358395
99358888
99359118
99359252
99359698
99359843
99359849
99359875
99359991
99361125
99361378
99361522
99362677
99362909
99362971
99364012
99364679
99364907
99365006
99365072
99365508
99365989
99366074
99366076
99366399
99366625
99367319
99368329
99368628
99368655
99368877
99369024
99369080
99369230
99369385
99370028
99370795
99371079
99371296
99371432
99371463
99371964
99372286
99372360
99372527
99373538
99373750
99373769
99373876
99374014
99374135
99374716
99374755
99374855
99374885
99375062
99375589
99375899
99375934
99376324
99377038
99377081
99377269
99377335
99377761
99377774
99377824
99378230
99378244
99378246
99379544
99379636
99379881
99380203
99381085
99381234
99381769
99381784
99381995
99382022
99382154
99382179
99382230
99382366
99382739
99383131
99383269
99383830
99383974
99384037
99384509
99384668
99384919
99385050
99385359
99385429
99385698
99385833
99385965
99386027
99386324
99387473
99387480
99387551
99387586
99387703
99387710
99388122
99388304
99388730
99388971
99390281
99391298
99391320
99392085
99392516
99393007
99393877
99394202
99395500
99395827
99396399
99396484
99396506
99396804
99397513
99398675
99398748
99398968
99399007
99399025
99399086
99399437
99399491
99399554
99399555
99399628
99399737
99400044
99400602
99400694
99400699
99401394
99401668
99402049
99402069
99402647
99403075
99403304
99403453
99403464
99403888
99403919
99404480
99405137
99405148
99405196
99405785
99405922
99406285
99406536
99406569
99406600
99406883
99407512
99407680
99407866
99408204
99408228
99408911
99409195
99409201
99409313
99409482
99409639
99410176
99410221
99411006
99411143
99411731
99411945
99412169
99412497
99413256
99413330
99413382
99413656
99414112
99415421
99415451
99416115
99416840
99416887
99416909
99416974
99418271
99418583
99418589
99418699
99418984
99420283
99420433
99420471
99420503
99420611
99420988
99421163
99421310
99421585
99422127
99422730
99422890
99424038
99424078
99424186
99424358
99424359
99424798
99425110
99425512
99425517
99425889
99425921
99426104
99426662
99426936
99427678
99427905
99428348
99428745
99428771
99428779
99430262
99430299
99431848
99432223
99432624
99432784
99433143
99433290
99433539
99434868
99435093
99435154
99435584
99435770
99436069
99436270
99436460
99436603
99436641
99436675
99436713
99436918
99437024
99437178
99437201
99437619
99437683
99438400
99438707
99438808
99438997
99439010
99439142
99439382
99439508
99439685
99439954
99440055
99440263
99440282
99441301
99441398
99441430
99441469
99441931
99442090
99442433
99443559
99443803
99443843
99443867
99443915
99443981
99444005
99444833
99445002
99445064
99445296
99445525
99445762
99446343
99446648
99446658
99446794
99446979
99447422
99447706
99447712
99448031
99448655
99449094
99449434
99449770
99449917
99449962
99450024
99450079
99450107
99450530
99452082
99452108
99452466
99452467
99453091
99453182
99453259
99453574
99453980
99454032
99454426
99454502
99455092
99455742
99455815
99456129
99456526
99456627
99456665
99456842
99456937
99457123
99457137
99457626
99457722
99457781
99458142
99458559
99458631
99458816
99459222
99459249
99459317
99459497
99459532
99459632
99459714
99460022
99460641
99461078
99461146
99461955
99462272
99462539
99463288
99464307
99464648
99465350
99465619
99466110
99466191
99466267
99466329
99467309
99467686
99467764
99468077
99468186
99468358
99468665
99469554
99469764
99469961
99470915
99471039
99471855
99472137
99472291
99472646
99472670
99473004
99473086
99473205
99473396
99473617
99473705
99474400
99474838
99474919
99474940
99475491
99475655
99476245
99476547
99476839
99476867
99477347
99477486
99477547
99477716
99478807
99478883
99478903
99479228
99479722
99480197
99480911
99481004
99481125
99481189
99481533
99481609
99482223
99482513
99482528
99482558
99482778
99482840
99482903
99484050
99484066
99484108
99484404
99485021
99485041
99485045
99485203
99485624
99486260
99487549
99487841
99488466
99488494
99488759
99488888
99488952
99489158
99489993
99490131
99490448
99490541
99491089
99491477
99491658
99491687
99491781
99492369
99492669
99492953
99493270
99493430
99493784
99494733
99494815
99494824
99495229
99513799
99513860
99513958
99514320
99514346
99514472
99514480
99515106
99515554
99515788
99516253
99516729
99516984
99517128
99517751
99518148
99518430
99518465
99518578
99518765
99518766
99518831
99519141
99520009
99520461
99520709
99521054
99521311
99521424
99521475
99523123
99523621
99523691
99523738
99523776
99524208
99524488
99524780
99524908
99525115
99525326
99525567
99525628
99526002
99526488
99526836
99526926
99527012
99527136
99527393
99527779
99527849
99527857
99528245
99528783
99529356
99529539
99529707
99529713
99529984
99530419
99530923
99531873
99531944
99532152
99532216
99532449
99533261
99533337
99533438
99533971
99534319
99534585
99534668
99534988
99535009
99535014
99535242
99535307
99535337
99535454
99535506
99535813
99535831
99536233
99536336
99536401
99536493
99536808
99537214
99537302
99537937
99538238
99538980
99539075
99539490
99540158
99540336
99540651
99540794
99540875
99541206
99541343
99542244
99542299
99542370
99542601
99542921
99543236
99543640
99544974
99545026
99545313
99545428
99545852
99546050
99546307
99547059
99547361
99547550
99547881
99548069
99548332
99548484
99548703
99548752
99549082
99549361
99549733
99550106
99550342
99550385
99550427
99550656
99550727
99551109
99551418
99551425
99551578
99552060
99552197
99552199
99552341
99553048
99553728
99554996
99555094
99555278
99555285
99555335
99555508
99555705
99555981
99555999
99556105
99556152
99556295
99556950
99557433
99557602
99558460
99558605
99558776
99558979
99559374
99559427
99559548
99559796
99560000
99560047
99560352
99560734
99561443
99561495
99561850
99562023
99562153
99562404
99563301
99563471
99563564
99563630
99563644
99563943
99564366
99564574
99564645
99565019
99565107
99565167
99565591
99565680
99565814
99565870
99565872
99566850
99566929
99567200
99567541
99567754
99568400
99568750
99568838
99569096
99569222
99569712
99569819
99570093
99570202
99570682
99571453
99571534
99571538
99571707
99571783
99571997
99572086
99572548
99572584
99572695
99572696
99572728
99572864
99573082
99573200
99573303
99573367
99573546
99573547
99573677
99573728
99573871
99573924
99574087
99574339
99574465
99574541
99574861
99575086
99575390
99575594
99575717
99575928
99575996
99576545
99576572
99577160
99577322
99577408
99577485
99577609
99578088
99578133
99578417
99578455
99578805
99579072
99579133
99579667
99579738
99579744
99579972
99580029
99580699
99581020
99581067
99581509
99581811
99581911
99582357
99583435
99583562
99583573
99583794
99584025
99584211
99584562
99584686
99584896
99585222
99585501
99585613
99585902
99585943
99586315
99586495
99586702
99586785
99587107
99587462
99587602
99587945
99588264
99588415
99588512
99588610
99588649
99588738
99588874
99588944
99588959
99588973
99589192
99589420
99589492
99589591
99589866
99590044
99590644
99591274
99591305
99591419
99591441
99591561
99591585
99591915
99592485
99592499
99592681
99592754
99592786
99592820
99593074
99593464
99593519
99594041
99594054
99595128
99595132
99595502
99595934
99595958
99596083
99596232
99596294
99596531
99596759
99596873
99596935
99597368
99597498
99597615
99597853
99598161
99598693
99598777
99598806
99599170
99599248
99599342
99599559
99599571
99600003
99600299
99600366
99600810
99600820
99600829
99600892
99600979
99601663
99602405
99602832
99602924
99602974
99603069
99603144
99603362
99603477
99603623
99603793
99604040
99604731
99604778
99605161
99605435
99605680
99605715
99605881
99605910
99606086
99606100
99606257
99606708
99606721
99606749
99606994
99607094
99607344
99607463
99607780
99607947
99608101
99608270
99608301
99608433
99608930
99609135
99609293
99609400
99609406
99609535
99609615
99609617
99609705
99610088
99610138
99610173
99610241
99610437
99610630
99610686
99610944
99611117
99611143
99611178
99611382
99611443
99611510
99611762
99612178
99612807
99613006
99613231
99613879
99614018
99614561
99614898
99614910
99614938
99615111
99615299
99615399
99615719
99615911
99616156
99616202
99616339
99616444
99616771
99616797
99617187
99617197
99617585
99617615
99617930
99618189
99618239
99618523
99618560
99618717
99619025
99619776
99619861
99620115
99620168
99620283
99620332
99620654
99620788
99620830
99620927
99621041
99621062
99621115
99621541
99621919
99622230
99622272
99622663
99622864
99623040
99623222
99623342
99623520
99623836
99624460
99624646
99624813
99625170
99625441
99625444
99627784
99627806
99627883
99627905
99628142
99628212
99628921
99629502
99629664
99629778
99630090
99630255
99630462
99630589
99630609
99630893
99630989
99631218
99631412
99631721
99632140
99632320
99632404
99632707
99632733
99632965
99633129
99633283
99633681
99634005
99634378
99634587
99634655
99634801
99634915
99634999
99635171
99635559
99635655
99635668
99636120
99636201
99636250
99636356
99636500
99637058
99637529
99637744
99638034
99638037
99638073
99638579
99638608
99638680
99638730
99638758
99638883
99639019
99639142
99639165
99639167
99639245
99639437
99639438
99639805
99639967
99640082
99640149
99640445
99640455
99640461
99640575
99640865
99640898
99640929
99640988
99641296
99641531
99641577
99641663
99641695
99641696
99641829
99641930
99642147
99642486
99642666
99642784
99643200
99643855
99644259
99645140
99645144
99645473
99645679
99645696
99645786
99645920
99646246
99646273
99647237
99647286
99647291
99647340
99647495
99647666
99647673
99647885
99647902
99647953
99648047
99648097
99648117
99648266
99648292
99648514
99648576
99648773
99649252
99649308
99649312
99649364
99649396
99649735
99650166
99650191
99650225
99650315
99650415
99650482
99650548
99651006
99651093
99651215
99651268
99651289
99651416
99651711
99651912
99652131
99652856
99652895
99652927
99653003
99653204
99653381
99653484
99653787
99653887
99653900
99653924
99653997
99654033
99654111
99654395
99654591
99654690
99654785
99655139
99655400
99655493
99655528
99655823
99655958
99655966
99656006
99656035
99656071
99656084
99656569
99656587
99656592
99656638
99656852
99657012
99657021
99657333
99657338
99657340
99657438
99657474
99657481
99657540
99657659
99658096
99658409
99658670
99658705
99658784
99659023
99659109
99659290
99659438
99659563
99659683
99659784
99659788
99660065
99660149
99660165
99660385
99660869
99661022
99661183
99662320
99662415
99662857
99662914
99662993
99663002
99663122
99663164
99663275
99663512
99663906
99663939
99663997
99664288
99664305
99664582
99664616
99664664
99665698
99665745
99666074
99666508
99666647
99666711
99666753
99666760
99667160
99667247
99667496
99667658
99667690
99667726
99667820
99667985
99668067
99668586
99668969
99669316
99669578
99669822
99669825
99670882
99670941
99670976
99671269
99671570
99671868
99671948
99672207
99672346
99672368
99672402
99672712
99673124
99673301
99673696
99673716
99673808
99674008
99674035
99674172
99674253
99674495
99674625
99674734
99674744
99675119
99675176
99675345
99675376
99675678
99675776
99676182
99676341
99676465
99676763
99676982
99677038
99677044
99677047
99677189
99677454
99677478
99677492
99677553
99677558
99677750
99677767
99677897
99678183
99678264
99678269
99678491
99679395
99679640
99679681
99679707
99679954
99680005
99680205
99680366
99680518
99680578
99680708
99680724
99680761
99680800
99681257
99681340
99681593
99681972
99681974
99682144
99682768
99684817
99685062
99685120
99685747
99686151
99686206
99686666
99686710
99686822
99686901
99687371
99687593
99687762
99687947
99688635
99689102
99689346
99689597
99689865
99695882
99696298
99696392
99696481
99696534
99697031
99697262
99697682
99697749
99697755
99697757
99697766
99697771
99697820
99697824
99697836
99698175
99698199
99698220
99698225
99698268
99698407
99698449
99698457
99698477
99698537
99698662
99698712
99698713
99698758
99698809
99698834
99698842
99698854
99698910
99699044
99699097
99699107
99699118
99699206
99699276
99699293
99699390
99699410
99699525
99699579
99699596
99699617
99699621
99699671
99699674
99699737
99699746
99699752
99699753
99699810
99699816
99699906
99699930
99699933
99700044
99700071
99700086
99700088
99700101
99700158
99700192
99700223
99700274
99700284
99700364
