99714465
99714466
99714467
99714468
99714469
99714471
99714472
99714473
99714476
99714477
99714480
99714481
99714483
99714486
99714490
99714491
99714492
99714493
99714494
99714495
99714497
99714498
99714499
99714501
99714502
99714504
99714505
99714506
99714507
99714509
99714510
99714511
99714512
99714517
99714518
99714521
99714523
99714524
99714525
99714526
99714527
99714530
99714531
99714532
99714533
99714534
99714535
99714536
99714537
99714538
99714539
99714540
99714542
99714543
99714545
99714547
99714548
99714551
99714552
99714558
99714559
99714560
99714561
99714562
99714563
99714564
99714566
99714569
99714572
99714573
99714577
99714578
99714580
99714583
99714588
99714589
99714590
99714592
99714593
99714597
99714598
99714604
99714608
99714609
99714611
99714612
99714613
99714614
99714615
99714617
99714619
99714620
99714622
99714624
99714625
99714626
99714628
99714630
99714631
99714634
99714635
99714636
99714637
99714640
99714642
99714645
99714646
99714647
99714648
99714649
99714652
99714653
99714654
99714657
99714658
99714659
99714660
99714661
99714664
99714665
99714666
99714667
99714668
99714671
99714672
99714673
99714674
99714675
99714677
99714678
99714680
99714681
99714682
99714683
99714684
99714685
99714686
99714687
99714688
99714689
99714690
99714691
99714695
99714701
99714702
99714704
99714705
99714707
99714709
99714710
99714711
99714712
99714714
99714718
99714719
99714720
99714723
99714724
99714725
99714726
99714727
99714730
99714732
99714734
99714740
99714742
99714744
99714753
99714754
99714755
99714756
99714757
99714758
99714761
99714768
99714769
99714771
99714775
99714779
99714781
99714782
99714784
99714787
99714788
99714790
99714791
99714792
99714793
99714794
99714796
99714797
99714798
99714799
99714802
99714803
99714804
99714805
99714806
99714807
99714808
99714809
99714810
99714812
99714813
99714814
99714816
99714818
99714819
99714820
99714821
99714822
99714823
99714960
99714962
99714963
99714965
99714966
99714967
99714969
99714970
99714971
99714976
99714976
99714978
99714981
99714982
99714986
99714989
99714990
99714993
99714994
99714994
99714996
99714997
99714998
99715000
99715004
99715005
99715006
99715012
99715013
99715014
99715015
99715019
99715020
99715022
99715026
99715029
99715031
99715032
99715033
99715035
99715036
99715039
99715041
99715044
99715046
99715047
99715048
99715049
99715051
99715052
99715053
99715054
99715055
99715058
99715060
99715061
99715063
99715064
99715065
99715066
99715068
99715069
99715070
99715071
99715073
99715076
99715079
99715081
99715082
99715083
99715084
99715085
99715086
99715088
99715089
99715091
99715092
99715093
99715094
99715100
99715102
99715104
99715105
99715106
99715108
99715110
99715111
99715112
99715113
99715115
99715116
99715119
99715121
99715126
99715127
99715128
99715129
99715131
99715134
99715137
99715139
99715140
99715141
99715142
99715144
99715145
99715148
99715150
99715151
99715153
99715154
99715155
99715156
99715157
99715158
99715159
99715161
99715162
99715166
99715167
99715168
99715171
99715173
99715174
99715175
99715177
99715180
99715184
99715185
99715186
99715187
99715189
99715190
99715192
99715195
99715199
99715200
99715202
99715204
99715205
99715207
99715211
99715213
99715214
99715216
99715217
99715218
99715219
99715223
99715227
99715228
99715229
99715230
99715233
99715237
99715238
99715239
99715240
99715241
99715243
99715244
99715246
99715250
99715253
99715254
99715255
99715256
99715256
99715259
99715260
99715261
99715262
99715266
99715267
99715268
99715270
99715271
99715272
99715273
99715275
99715277
99715278
99715280
99715281
99715284
99715285
99715286
99715287
99715290
99715296
99715297
99715299
99715300
99715302
99715304
99715308
99715310
99715311
99715312
99715313
99715316
99715320
99715321
99715322
99715325
99715326
99715327
99715328
99715329
99715329
99715330
99715331
99715333
99715335
99715341
99715342
99715344
99715345
99715346
99715347
99715431
99715433
99715434
99715436
99715438
99715441
99715443
99715444
99715445
99715447
99715449
99715450
99715452
99715454
99715456
99715458
99715460
99715463
99715465
99715468
99715469
99715470
99715473
99715475
99715476
99715480
99715481
99715482
99715483
99715484
99715487
99715490
99715491
99715496
99715501
99715503
99714825
99714826
99714831
99714833
99714835
99714836
99714838
99714839
99714840
99714841
99714844
99714845
99714846
99714847
99714849
99714855
99714856
99714858
99714859
99714861
99714862
99714863
99714864
99714865
99714866
99714867
99714869
99714870
99714874
99714875
99714875
99714876
99714877
99714879
99714881
99714883
99714884
99714888
99714889
99714890
99714896
99714897
99714898
99714899
99714901
99714903
99714904
99714905
99714906
99714907
99714910
99714912
99714913
99714920
99714921
99714927
99714929
99714930
99714931
99714932
99714935
99714936
99714939
99714945
99714946
99714948
99714950
99714952
99714953
99714955
99714956
99714957
99714957
99714957
99714958
99715505
99715506
99715507
99715508
99715510
99715512
99715513
99715515
99715517
99715518
99715519
99715523
99715526
99715527
99715528
99715529
99715530
99715532
99715533
99715535
99715536
99715538
99715543
99715545
99715546
99715547
99715548
99715549
99715550
99715551
99715552
99715553
99715555
99715557
99715560
99715561
99715562
99715563
99715565
99715567
99715570
99715571
99715573
99715575
99715576
99715577
99715578
99715579
99715581
99715582
99715583
99715584
99715587
99715588
99715590
99715591
99715592
99715593
99715595
99715597
99715599
99715602
99715603
99715605
99715608
99715610
99715612
99715613
99715615
99715621
99715623
99715626
99715627
99715629
99715631
99715632
99715633
99715638
99715639
99715640
99715641
99715645
99715646
99715650
99715651
99715653
99715654
99715655
99715657
99715658
99715659
99715660
99715661
99715663
99715665
99715667
99715668
99715670
99715671
99715672
99715675
99715676
99715678
99715679
99715680
99715681
99715682
99715686
99715687
99715688
99715689
99715691
99715692
99715697
99715698
99715700
99715701
99715702
99715708
99715711
99715713
99715715
99715716
99715717
99715719
99715720
99715721
99715722
99715723
99715724
99715727
99715730
99715732
99715733
99715735
99715737
99715738
99715740
99715741
99715743
99715744
99715746
99715748
99715749
99715751
99715755
99715757
99715758
99715760
99715762
99715768
99715770
99715772
99715774
99715775
99715780
99715782
99715783
99715784
99715785
99715786
99715791
99715792
99715798
99715800
99715801
99715809
99715810
99715811
99715813
99715814
99715818
99715819
99715820
99715822
99715823
99715824
99715825
99715826
99715827
99715967
99715970
99715971
99715972
99715973
99715975
99715977
99715981
99715982
99715983
99715985
99715989
99715990
99715991
99715994
99715995
99715996
99715999
99716000
99716004
99716015
99716016
99716017
99716019
99716020
99716024
99716028
99716029
99716031
99716032
99716033
99716036
99716039
99716044
99716045
99716047
99715348
99715349
99715351
99715352
99715354
99715355
99715356
99715360
99715365
99715368
99715370
99715373
99715375
99715381
99715383
99715384
99715387
99715389
99715390
99715391
99715392
99715393
99715395
99715396
99715397
99715400
99715402
99715403
99715404
99715405
99715408
99715409
99715411
99715411
99715416
99715417
99715418
99715419
99715420
99715421
99715423
99715424
99715427
99715430
99716048
99716049
99716050
99716052
99716054
99716055
99716056
99716057
99716058
99716062
99716064
99716065
99716067
99716068
99716069
99716072
99716074
99716075
99716077
99716078
99716079
99716080
99716081
99716083
99716085
99716086
99716087
99716088
99716089
99716090
99716092
99716093
99716094
99716095
99716096
99716100
99716102
99716103
99716105
99716109
99716110
99716111
99716112
99716113
99716114
99716115
99716116
99716117
99716118
99716120
99716121
99716123
99716124
99716126
99716128
99716131
99716133
99716134
99716136
99716138
99716141
99716143
99716144
99716145
99716147
99716150
99716152
99716154
99716156
99716157
99716159
99716160
99716161
99716165
99716166
99716167
99716168
99716170
99716171
99716175
99716177
99716179
99716180
99716181
99716182
99716183
99716186
99716188
99716191
99716192
99716195
99716196
99716197
99716198
99716199
99716200
99716201
99716202
99716203
99716204
99716206
99716212
99716213
99716216
99716217
99716218
99716219
99716220
99716221
99716222
99716225
99716226
99716227
99716228
99716230
99716235
99716237
99716241
99716242
99716243
99716243
99716244
99716245
99716248
99716249
99716251
99716252
99716255
99716256
99716257
99716259
99716261
99716262
99716265
99716267
99716268
99716269
99716272
99716273
99716276
99716277
99716278
99716283
99716286
99716291
99716292
99716293
99716298
99716299
99716301
99716301
99716302
99716303
99716305
99716306
99716307
99716310
99716312
99716313
99716314
99716315
99716317
99716321
99716328
99716329
99716330
99716331
99716335
99716336
99716338
99716339
99716341
99716342
99716343
99716345
99716346
99716348
99716349
99716351
99716353
99716354
99716355
99716608
99716610
99716616
99716618
99716620
99716621
99716623
99716625
99716629
99716631
99716633
99716638
99716639
99716641
99716645
99716646
99716648
99716651
99716652
99716653
99716654
99716655
99716657
99716663
99716664
99716665
99716666
99716667
99716669
99716670
99716673
99716676
99716678
99716680
99716684
99716688
99715828
99715830
99715835
99715838
99715839
99715840
99715842
99715845
99715847
99715848
99715849
99715850
99715851
99715854
99715855
99715856
99715857
99715858
99715860
99715861
99715863
99715868
99715869
99715871
99715875
99715876
99715877
99715879
99715881
99715882
99715884
99715886
99715888
99715891
99715894
99715895
99715898
99715903
99715905
99715906
99715907
99715908
99715909
99715909
99715911
99715913
99715914
99715917
99715918
99715919
99715920
99715921
99715922
99715923
99715924
99715925
99715927
99715928
99715930
99715931
99715933
99715937
99715939
99715941
99715942
99715943
99715947
99715948
99715949
99715952
99715953
99715954
99715958
99715959
99715961
99715965
99716690
99716693
99716696
99716697
99716698
99716700
99716701
99716702
99716706
99716707
99716710
99716713
99716716
99716717
99716719
99716721
99716722
99716725
99716727
99716732
99716735
99716737
99716740
99716741
99716743
99716744
99716745
99716748
99716749
99716751
99716754
99716755
99716756
99716757
99716758
99716759
99716762
99716763
99716764
99716765
99716766
99716768
99716770
99716771
99716772
99716774
99716775
99716776
99716777
99716779
99716780
99716781
99716782
99716785
99716786
99716789
99716790
99716793
99716797
99716798
99716799
99716800
99716801
99716803
99716804
99716806
99716809
99716810
99716811
99716811
99716812
99716813
99716816
99716817
99716818
99716820
99716821
99716823
99716825
99716828
99716829
99716831
99716835
99716838
99716839
99716840
99716841
99716842
99716845
99716846
99716848
99716849
99716852
99716854
99716855
99716856
99716858
99716860
99716861
99716862
99716864
99716868
99716869
99716871
99716872
99716873
99716875
99716876
99716877
99716878
99716879
99716880
99716882
99716884
99716888
99716890
99716891
99716892
99716893
99716894
99716896
99716897
99716899
99716905
99716907
99716909
99716909
99716910
99716911
99716915
99716916
99716919
99716923
99716926
99716927
99716929
99716934
99716935
99716936
99716937
99716940
99716941
99716942
99716943
99716946
99716948
99716953
99716954
99716955
99716956
99716958
99716959
99716960
99716962
99716963
99716964
99716967
99716968
99716973
99716973
99716974
99716976
99716978
99716979
99716982
99716983
99716988
99716989
99716990
99716991
99716992
99716993
99716995
99716996
99716998
99717000
99717001
99717002
99717003
99717004
99717008
99717010
99717014
99717322
99717323
99717325
99717327
99717328
99717329
99717330
99717332
99717336
99717338
99717339
99717341
99717342
99717344
99717345
99717346
99717347
99717349
99717350
99717352
99717353
99717357
99717359
99717360
99717361
99717362
99717368
99717374
99717375
99717379
99717382
99717383
99717386
99717387
99717388
99717390
99716356
99716360
99716361
99716363
99716365
99716366
99716367
99716368
99716369
99716370
99716371
99716372
99716374
99716377
99716378
99716379
99716381
99716383
99716384
99716386
99716387
99716388
99716390
99716393
99716393
99716395
99716397
99716398
99716400
99716401
99716402
99716409
99716412
99716414
99716424
99716427
99716428
99716432
99716433
99716437
99716439
99716440
99716442
99716444
99716445
99716445
99716446
99716447
99716449
99716450
99716453
99716454
99716455
99716456
99716457
99716458
99716459
99716463
99716468
99716472
99716474
99716477
99716478
99716480
99716481
99716483
99716485
99716486
99716487
99716490
99716491
99716495
99716496
99716498
99716500
99716501
99716502
99716505
99716506
99716508
99716509
99716510
99716513
99716520
99716524
99716525
99716527
99716528
99716529
99716530
99716531
99716532
99716533
99716534
99716535
99716537
99716539
99716541
99716542
99716544
99716545
99716547
99716549
99716551
99716552
99716553
99716555
99716559
99716560
99716562
99716564
99716565
99716572
99716573
99716575
99716578
99716579
99716581
99716584
99716585
99716587
99716588
99716589
99716590
99716591
99716594
99716595
99716596
99716597
99716599
99716601
99716602
99716603
99716604
99716606
99717394
99717395
99717396
99717397
99717398
99717400
99717401
99717402
99717405
99717406
99717408
99717410
99717414
99717419
99717420
99717422
99717423
99717424
99717425
99717426
99717427
99717428
99717432
99717439
99717440
99717441
99717443
99717444
99717445
99717447
99717449
99717452
99717453
99717454
99717457
99717458
99717461
99717468
99717474
99717475
99717476
99717477
99717478
99717480
99717482
99717484
99717485
99717488
99717489
99717495
99717496
99717501
99717503
99717505
99717509
99717510
99717511
99717512
99717515
99717516
99717517
99717518
99717519
99717520
99717521
99717522
99717524
99717525
99717527
99717528
99717529
99717530
99717534
99717535
99717536
99717537
99717539
99717540
99717544
99717545
99717547
99717548
99717550
99717552
99717554
99717555
99717556
99717558
99717562
99717563
99717564
99717565
99717566
99717574
99717575
99717577
99717578
99717581
99717582
99717585
99717588
99717589
99717590
99717591
99717592
99717594
99717596
99717599
99717601
99717602
99717604
99717606
99717607
99717611
99717612
99717613
99717614
99717616
99717618
99717619
99717621
99717624
99717628
99717630
99717631
99717632
99717633
99717635
99717636
99717640
99717643
99717648
99717649
99717654
99717656
99717658
99717660
99717661
99717662
99717665
99717666
99717667
99717669
99717670
99717672
99717673
99717676
99717677
99717678
99717679
99717680
99717681
99717682
99717683
99717685
99717686
99717687
99717690
99717691
99717692
99717695
99717696
99717699
99717700
99717702
99717704
99717706
99717707
99717708
99717709
99717710
99717714
99717715
99717716
99717717
99717718
99717719
99717723
99717724
99717726
99718037
99718043
99718044
99718046
99718047
99718048
99718049
99718051
99718053
99718058
99718060
99718064
99718066
99718068
99718070
99718078
99718079
99718082
99718083
99718083
99718084
99718085
99718086
99718088
99718089
99718091
99718095
99718097
99718103
99718106
99718107
99718108
99718109
99718110
99718111
99718112
99718113
99717015
99717016
99717020
99717022
99717024
99717025
99717025
99717026
99717028
99717029
99717031
99717032
99717033
99717036
99717037
99717038
99717040
99717041
99717044
99717048
99717051
99717052
99717053
99717054
99717056
99717057
99717061
99717063
99717065
99717067
99717068
99717069
99717071
99717073
99717074
99717076
99717077
99717079
99717080
99717083
99717084
99717085
99717087
99717090
99717091
99717093
99717098
99717100
99717101
99717102
99717103
99717104
99717105
99717106
99717108
99717109
99717111
99717112
99717113
99717114
99717115
99717118
99717119
99717121
99717122
99717124
99717125
99717126
99717127
99717128
99717132
99717136
99717140
99717141
99717143
99717146
99717147
99717149
99717151
99717153
99717154
99717155
99717156
99717158
99717160
99717161
99717164
99717165
99717168
99717169
99717169
99717170
99717172
99717174
99717180
99717181
99717183
99717184
99717184
99717186
99717187
99717189
99717193
99717195
99717196
99717197
99717199
99717200
99717201
99717202
99717204
99717205
99717208
99717209
99717211
99717213
99717218
99717224
99717225
99717228
99717229
99717231
99717234
99717238
99717241
99717242
99717245
99717246
99717247
99717248
99717249
99717252
99717253
99717255
99717256
99717257
99717259
99717260
99717261
99717262
99717263
99717264
99717265
99717268
99717269
99717274
99717275
99717276
99717277
99717278
99717279
99717280
99717283
99717286
99717288
99717289
99717290
99717292
99717293
99717294
99717295
99717297
99717298
99717299
99717300
99717301
99717302
99717303
99717304
99717305
99717308
99717309
99717311
99717316
99717319
99717320
99717321
99718115
99718119
99718127
99718129
99718130
99718135
99718136
99718142
99718143
99718153
99718154
99718155
99718156
99718157
99718158
99718159
99718160
99718163
99718166
99718167
99718169
99718170
99718173
99718175
99718176
99718178
99718179
99718181
99718182
99718183
99718186
99718187
99718191
99718192
99718193
99718194
99718198
99718199
99718204
99718205
99718208
99718209
99718210
99718216
99718220
99718221
99718222
99718225
99718226
99718228
99718229
99718230
99718231
99718232
99718234
99718235
99718236
99718239
99718244
99718250
99718251
99718252
99718254
99718255
99718260
99718262
99718264
99718267
99718267
99718274
99718278
99718281
99718283
99718284
99718285
99718287
99718288
99718289
99718290
99718291
99718294
99718298
99718300
99718301
99718302
99718303
99718307
99718308
99718309
99718311
99718315
99718317
99718317
99718319
99718322
99718323
99718324
99718325
99718327
99718328
99718332
99718337
99718343
99718344
99718347
99718348
99718349
99718350
99718351
99718354
99718356
99718358
99718360
99718366
99718367
99718368
99718373
99718374
99718376
99718377
99718379
99718380
99718380
99718381
99718384
99718385
99718386
99718388
99718394
99718395
99718396
99718397
99718398
99718399
99718403
99718404
99718407
99718408
99718411
99718414
99718419
99718423
99718424
99718428
99718429
99718430
99718431
99718431
99718433
99718437
99718438
99718439
99718440
99718443
99718444
99718445
99718446
99718450
99718453
99718455
99718458
99718459
99718460
99718461
99718463
99718465
99718466
99718467
99718468
99718471
99718473
99718477
99718478
99718483
99718484
99718485
99718486
99718490
99718491
99718492
99718496
99718503
99718507
99718508
99718705
99718708
99718710
99718713
99718714
99718716
99718720
99718721
99718722
99718723
99718724
99718727
99718728
99718732
99718733
99718734
99718735
99718737
99718738
99718739
99718740
99718741
99718742
99718746
99718752
99718753
99718754
99718756
99718757
99718758
99718759
99718760
99718762
99718763
99718764
99718765
99717727
99717728
99717729
99717730
99717731
99717733
99717734
99717735
99717740
99717741
99717742
99717744
99717746
99717750
99717753
99717755
99717756
99717757
99717759
99717760
99717763
99717765
99717768
99717769
99717770
99717772
99717773
99717774
99717780
99717782
99717785
99717786
99717787
99717790
99717791
99717792
99717793
99717796
99717797
99717799
99717801
99717803
99717805
99717806
99717807
99717809
99717811
99717816
99717818
99717819
99717820
99717821
99717822
99717823
99717825
99717826
99717828
99717830
99717831
99717834
99717835
99717842
99717844
99717847
99717849
99717854
99717854
99717855
99717857
99717860
99717861
99717862
99717863
99717864
99717865
99717867
99717868
99717871
99717874
99717875
99717876
99717877
99717878
99717881
99717883
99717885
99717889
99717891
99717893
99717896
99717897
99717901
99717902
99717903
99717904
99717905
99717911
99717915
99717916
99717918
99717920
99717923
99717924
99717925
99717926
99717929
99717930
99717931
99717932
99717934
99717935
99717938
99717939
99717940
99717941
99717943
99717945
99717946
99717951
99717952
99717953
99717954
99717955
99717956
99717959
99717960
99717961
99717963
99717964
99717965
99717967
99717968
99717969
99717970
99717971
99717972
99717973
99717974
99717976
99717977
99717979
99717981
99717983
99717984
99717985
99717987
99717988
99717989
99717990
99717991
99717992
99717993
99717995
99717998
99717999
99718000
99718002
99718003
99718004
99718005
99718006
99718007
99718008
99718009
99718010
99718011
99718012
99718013
99718016
99718018
99718020
99718022
99718023
99718024
99718026
99718028
99718030
99718031
99718033
99718034
99718036
99718766
99718767
99718768
99718769
99718770
99718772
99718774
99718776
99718777
99718778
99718780
99718781
99718782
99718785
99718786
99718788
99718789
99718790
99718790
99718792
99718795
99718796
99718800
99718802
99718803
99718807
99718809
99718818
99718820
99718821
99718823
99718826
99718827
99718828
99718829
99718830
99718833
99718834
99718836
99718837
99718840
99718841
99718842
99718843
99718845
99718847
99718849
99718851
99718854
99718855
99718859
99718860
99718861
99718864
99718865
99718866
99718867
99718869
99718872
99718874
99718875
99718876
99718877
99718878
99718879
99718880
99718883
99718885
99718886
99718887
99718888
99718889
99718890
99718892
99718893
99718894
99718895
99718898
99718899
99718900
99718901
99718902
99718906
99718908
99718910
99718913
99718916
99718920
99718921
99718925
99718926
99718927
99718928
99718929
99718930
99718931
99718935
99718936
99718937
99718938
99718940
99718941
99718942
99718943
99718947
99718949
99718950
99718953
99718954
99718956
99718958
99718959
99718961
99718962
99718965
99718966
99718967
99718968
99718969
99718970
99718971
99718974
99718975
99718976
99718977
99718978
99718979
99718981
99718982
99718989
99718991
99718993
99718994
99718996
99718998
99719005
99719006
99719007
99719009
99719010
99719011
99719013
99719015
99719018
99719019
99719020
99719021
99719023
99719024
99719026
99719029
99719030
99719032
99719034
99719035
99719036
99719041
99719042
99719043
99719045
99719047
99719049
99719050
99719052
99719054
99719055
99719058
99719060
99719062
99719067
99719070
99719071
99719072
99719073
99719074
99719076
99719077
99719079
99719081
99719084
99719085
99719236
99719237
99719238
99719240
99719241
99719244
99719248
99719250
99719251
99719252
99719254
99719255
99719256
99719257
99719260
99719260
99719260
99719261
99719264
99719265
99719266
99719268
99719269
99719270
99719271
99719272
99719276
99719277
99719278
99719279
99719280
99719282
99719284
99719285
99719286
99719287
99719288
99719289
99718509
99718510
99718511
99718514
99718517
99718518
99718519
99718520
99718523
99718525
99718528
99718529
99718530
99718531
99718532
99718533
99718534
99718535
99718538
99718539
99718543
99718544
99718545
99718546
99718547
99718550
99718551
99718552
99718553
99718554
99718555
99718556
99718557
99718558
99718559
99718562
99718563
99718565
99718566
99718567
99718568
99718569
99718571
99718572
99718575
99718577
99718579
99718580
99718581
99718582
99718583
99718584
99718586
99718587
99718588
99718590
99718591
99718592
99718593
99718594
99718595
99718596
99718598
99718599
99718602
99718603
99718608
99718609
99718610
99718611
99718612
99718614
99718617
99718619
99718620
99718627
99718629
99718630
99718631
99718633
99718634
99718637
99718638
99718639
99718643
99718648
99718649
99718650
99718651
99718652
99718655
99718656
99718658
99718659
99718661
99718665
99718666
99718667
99718668
99718669
99718672
99718674
99718678
99718679
99718680
99718681
99718682
99718683
99718684
99718688
99718691
99718695
99718696
99718698
99718699
99718701
99718701
99718702
99718703
99718704
99719290
99719291
99719293
99719295
99719297
99719299
99719302
99719304
99719307
99719308
99719311
99719312
99719312
99719315
99719318
99719319
99719321
99719322
99719325
99719326
99719327
99719328
99719329
99719330
99719331
99719332
99719334
99719336
99719338
99719341
99719343
99719345
99719349
99719350
99719351
99719352
99719353
99719357
99719361
99719362
99719365
99719366
99719370
99719375
99719376
99719377
99719379
99719380
99719381
99719384
99719387
99719388
99719389
99719390
99719391
99719392
99719401
99719402
99719404
99719406
99719409
99719410
99719412
99719414
99719415
99719416
99719417
99719419
99719420
99719423
99719424
99719425
99719427
99719430
99719431
99719432
99719434
99719437
99719438
99719439
99719440
99719443
99719445
99719447
99719448
99719451
99719453
99719456
99719457
99719465
99719466
99719468
99719470
99719471
99719472
99719473
99719474
99719478
99719480
99719484
99719485
99719488
99719489
99719492
99719493
99719496
99719498
99719499
99719500
99719501
99719503
99719504
99719505
99719506
99719507
99719509
99719517
99719518
99719518
99719519
99719520
99719522
99719523
99719525
99719528
99719534
99719540
99719541
99719542
99719544
99719546
99719547
99719549
99719550
99719552
99719557
99719559
99719560
99719561
99719562
99719565
99719566
99719567
99719568
99719569
99719570
99719571
99719576
99719577
99719578
99719580
99719581
99719582
99719584
99719587
99719591
99719592
99719593
99719594
99719596
99719597
99719603
99719604
99719606
99719608
99719610
99719611
99719611
99719613
99719614
99719615
99719616
99719617
99719618
99719621
99719623
99719624
99719629
99719631
99719632
99719637
99719641
99719644
99720352
99720353
99720355
99720356
99720357
99720360
99720361
99720364
99720365
99720367
99720370
99720373
99720374
99720375
99720376
99720377
99720378
99720379
99720384
99720387
99720388
99720389
99720392
99720393
99720397
99720399
99720400
99720402
99720403
99720405
99720408
99720409
99720412
99720417
99720420
99720421
99719086
99719087
99719090
99719092
99719093
99719095
99719096
99719097
99719098
99719099
99719101
99719102
99719103
99719104
99719107
99719109
99719111
99719113
99719114
99719116
99719117
99719118
99719124
99719125
99719127
99719128
99719130
99719131
99719132
99719133
99719136
99719139
99719140
99719141
99719143
99719145
99719146
99719147
99719148
99719150
99719151
99719154
99719155
99719156
99719156
99719159
99719164
99719166
99719168
99719169
99719171
99719172
99719173
99719176
99719179
99719180
99719181
99719184
99719185
99719189
99719190
99719191
99719192
99719194
99719195
99719200
99719201
99719210
99719214
99719216
99719217
99719218
99719219
99719224
99719225
99719226
99719227
99719229
99719230
99719231
99719232
99719235
99720422
99720424
99720429
99720433
99720435
99720436
99720438
99720439
99720441
99720447
99720448
99720450
99720451
99720452
99720453
99720455
99720458
99720461
99720462
99720463
99720464
99720469
99720470
99720471
99720473
99720476
99720477
99720482
99720484
99720486
99720489
99720491
99720492
99720494
99720497
99720498
99720502
99720504
99720506
99720508
99720509
99720513
99720514
99720515
99720516
99720518
99720519
99720521
99720522
99720523
99720526
99720527
99720528
99720529
99720530
99720531
99720533
99720534
99720536
99720537
99720538
99720546
99720547
99720549
99720550
99720551
99720553
99720556
99720557
99720558
99720560
99720562
99720563
99720564
99720567
99720568
99720569
99720573
99720576
99720577
99720578
99720579
99720580
99720585
99720586
99720587
99720589
99720591
99720592
99720593
99720594
99720597
99720598
99720599
99720600
99720602
99720603
99720604
99720605
99720606
99720608
99720609
99720610
99720611
99720612
99720615
99720619
99720620
99720621
99720623
99720624
99720626
99720627
99720628
99720631
99720632
99720635
99720637
99720642
99720643
99720645
99720646
99720647
99720651
99720652
99720654
99720655
99720657
99720658
99720659
99720661
99720662
99720669
99720670
99720671
99720672
99720675
99720676
99720678
99720679
99720681
99720682
99720687
99720689
99720692
99720693
99720695
99720698
99720700
99720701
99720703
99720713
99720715
99720718
99720720
99720724
99720726
99720727
99720728
99720730
99720733
99720734
99720736
99720738
99720742
99720743
99720744
99720746
99720749
99720753
99720755
99720756
99720759
99720760
99720762
99720763
99720764
99720765
99720768
99720769
99721252
99721253
99721254
99721255
99721256
99721257
99721258
99721259
99721260
99721263
99721266
99721267
99721272
99721273
99721274
99721275
99721277
99721279
99721280
99721281
99721282
99721286
99721287
99721288
99721289
99721290
99721293
99721296
99721297
99721299
99721300
99721302
99721305
99721306
99721309
99721310
99719645
99719649
99719650
99719654
99719655
99719657
99719658
99719661
99719663
99719664
99719665
99719668
99719668
99719668
99719669
99719670
99719671
99719672
99719673
99719674
99719676
99719677
99719678
99719679
99719680
99719682
99719684
99719685
99719686
99719688
99719690
99719692
99719693
99719694
99719697
99719699
99719700
99719702
99719703
99719706
99719707
99719708
99719712
99719713
99719715
99719716
99719718
99719722
99719723
99719725
99719726
99719727
99719728
99719732
99719733
99719734
99719735
99719736
99719744
99719745
99719747
99719750
99719751
99719752
99719754
99719756
99719763
99719764
99719765
99719769
99719770
99719771
99719772
99719773
99719774
99719775
99719778
99719779
99719781
99719784
99719787
99719787
99719788
99719789
99719791
99719794
99719795
99719799
99719801
99719802
99719803
99719805
99719806
99719809
99719810
99719812
99719813
99719816
99719817
99719819
99719820
99719822
99719823
99719825
99719826
99719827
99719828
99719831
99719832
99719834
99719835
99719836
99719837
99719838
99719841
99719842
99719843
99719844
99719845
99719849
99719850
99719851
99719853
99719856
99719857
99719859
99719861
99719866
99719868
99719871
99719874
99719875
99719877
99719878
99719880
99719882
99719883
99719887
99719889
99719890
99719891
99719893
99719894
99719895
99719896
99719897
99719899
99719900
99719901
99719902
99719903
99719905
99719906
99719908
99719912
99719914
99719917
99719919
99719921
99719923
99719925
99719928
99719929
99719933
99719934
99719935
99719936
99719940
99719941
99719943
99719957
99719960
99719962
99719963
99719964
99719965
99719966
99719967
99719968
99719971
99719972
99719975
99719976
99719980
99719981
99719982
99719984
99719989
99719990
99719993
99719994
99719995
99719997
99719999
99720000
99720001
99720003
99720006
99720007
99720009
99720011
99720012
99720013
99720015
99720019
99720020
99720021
99720022
99720024
99720025
99720026
99720028
99720029
99720030
99720031
99720035
99720037
99720038
99720039
99720041
99720043
99720049
99720052
99720054
99720057
99720058
99720059
99720060
99720061
99720062
99720063
99720064
99720066
99720068
99720072
99720076
99720077
99720078
99720079
99720082
99720084
99720085
99720089
99720094
99720096
99720097
99720102
99720103
99720105
99720106
99720108
99720109
99720112
99720114
99720118
99720118
99720124
99720127
99720129
99720131
99720132
99720134
99720136
99720137
99720140
99720141
99720143
99720147
99720150
99720151
99720152
99720153
99720154
99720155
99720159
99720161
99720166
99720167
99720174
99720176
99720181
99720182
99720183
99720185
99720188
99720190
99720193
99720194
99720195
99720196
99720198
99720201
99720208
99720209
99720212
99720214
99720217
99720218
99720220
99720223
99720227
99720228
99720229
99720232
99720234
99720238
99720241
99720246
99720247
99720249
99720251
99720253
99720255
99720256
99720259
99720265
99720267
99720270
99720272
99720273
99720275
99720276
99720278
99720279
99720280
99720282
99720283
99720285
99720289
99720291
99720293
99720296
99720298
99720300
99720301
99720302
99720303
99720304
99720311
99720314
99720315
99720318
99720320
99720323
99720324
99720328
99720329
99720330
99720331
99720332
99720334
99720335
99720335
99720337
99720338
99720340
99720341
99720342
99720343
99720344
99720349
99720351
99721311
99721312
99721313
99721316
99721317
99721318
99721320
99721322
99721323
99721324
99721326
99721330
99721331
99721333
99721334
99721335
99721336
99721337
99721338
99721339
99721340
99721341
99721344
99721345
99721347
99721351
99721355
99721358
99721359
99721361
99721362
99721363
99721364
99721367
99721368
99721370
99721372
99721373
99721375
99721376
99721379
99721381
99721386
99721387
99721388
99721389
99721390
99721391
99721393
99721395
99721396
99721397
99721398
99721399
99721403
99721409
99721411
99721412
99721413
99721414
99721416
99721418
99721420
99721423
99721424
99721427
99721429
99721431
99721433
99721435
99721436
99721437
99721438
99721439
99721441
99721444
99721446
99721449
99721453
99721457
99721463
99721464
99721466
99721470
99721471
99721472
99721473
99721474
99721475
99721476
99721480
99721481
99721482
99721483
99721486
99721488
99721489
99721490
99721496
99721499
99721504
99721505
99721507
99721509
99721510
99721512
99721513
99721515
99721516
99721518
99721520
99721525
99721526
99721528
99721529
99721532
99721533
99721538
99721539
99721541
99721542
99721544
99721547
99721549
99721550
99721551
99721556
99721558
99721559
99721562
99721564
99721566
99721567
99721569
99721571
99721572
99721573
99721574
99721575
99721578
99721580
99721582
99721584
99721591
99721593
99721595
99721596
99721598
99721599
99721600
99721602
99721605
99721611
99721613
99721614
99721615
99721617
99721619
99721623
99721624
99721625
99721626
99721627
99721630
99721632
99721634
99721635
99721636
99721640
99721641
99721646
99721648
99721650
99721653
99721655
99721656
99721657
99721658
99721659
99721660
99721900
99721901
99721903
99721904
99721906
99721907
99721908
99721909
99721910
99721911
99721912
99721913
99721916
99721917
99721918
99721919
99721920
99721921
99721922
99721925
99721926
99721928
99721930
99721931
99721934
99721936
99721937
99721938
99721943
99721945
99721946
99721947
99721949
99721950
99721952
99721953
99720873
99720879
99720880
99720885
99720887
99720892
99720894
99720895
99720896
99720897
99720899
99720900
99720902
99720904
99720905
99720907
99720908
99720910
99720914
99720916
99720918
99720919
99720921
99720922
99720923
99720926
99720927
99720933
99720936
99720940
99720941
99720942
99720945
99720946
99720951
99720952
99720955
99720956
99720957
99720961
99720962
99720964
99720965
99720968
99720972
99720973
99720974
99720975
99720976
99720977
99720979
99720983
99720984
99720985
99720988
99720989
99720992
99720993
99720994
99720995
99720997
99720998
99720999
99721002
99721003
99721004
99721007
99721009
99721013
99721014
99721015
99721016
99721017
99721018
99721019
99721021
99721022
99721023
99721024
99721026
99721028
99721033
99721036
99721041
99721042
99721043
99721045
99721046
99721047
99721049
99721052
99721056
99721057
99721058
99721060
99721062
99721063
99721064
99721065
99721072
99721075
99721076
99721077
99721079
99721080
99721082
99721083
99721088
99721091
99721092
99721093
99721094
99721097
99721098
99721101
99721103
99721105
99721107
99721108
99721109
99721112
99721113
99721115
99721116
99721119
99721120
99721123
99721125
99721126
99721127
99721128
99721129
99721130
99721134
99721141
99721142
99721143
99721144
99721146
99721150
99721155
99721156
99721159
99721160
99721162
99721163
99721163
99721164
99721167
99721171
99721172
99721173
99721174
99721175
99721176
99721177
99721178
99721179
99721181
99721182
99721183
99721192
99721198
99721200
99721201
99721206
99721207
99721208
99721211
99721215
99721216
99721218
99721219
99721220
99721221
99721225
99721225
99721225
99721226
99721228
99721231
99721233
99721235
99721236
99721237
99721238
99721240
99721241
99721244
99721245
99721247
99721248
99721249
99721954
99721956
99721957
99721958
99721959
99721962
99721964
99721966
99721970
99721973
99721974
99721975
99721978
99721983
99721988
99721990
99721994
99721995
99721996
99721997
99721999
99722000
99722001
99722002
99722005
99722007
99722008
99722009
99722010
99722011
99722012
99722014
99722015
99722019
99722020
99722022
99722024
99722025
99722027
99722028
99722029
99722030
99722032
99722033
99722034
99722035
99722036
99722037
99722038
99722039
99722042
99722043
99722048
99722051
99722053
99722054
99722055
99722056
99722058
99722059
99722066
99722067
99722068
99722069
99722070
99722072
99722074
99722076
99722079
99722080
99722086
99722087
99722088
99722089
99722090
99722092
99722093
99722095
99722096
99722097
99722098
99722099
99722100
99722105
99722106
99722107
99722108
99722111
99722113
99722115
99722116
99722118
99722119
99722120
99722123
99722125
99722126
99722127
99722129
99722130
99722131
99722133
99722135
99722136
99722137
99722139
99722140
99722141
99722143
99722146
99722148
99722149
99722150
99722151
99722152
99722158
99722159
99722160
99722162
99722167
99722168
99722169
99722170
99722171
99722174
99722175
99722179
99722181
99722183
99722184
99722187
99722188
99722189
99722197
99722202
99722203
99722204
99722206
99722207
99722213
99722214
99722220
99722222
99722224
99722225
99722226
99722227
99722228
99722230
99722231
99722233
99722234
99722235
99722238
99722240
99722241
99722243
99722244
99722247
99722250
99722251
99722252
99722253
99722256
99722257
99722263
99722264
99722266
99722267
99722268
99722269
99722270
99722271
99722274
99722275
99722277
99722279
99722281
99722281
99722285
99722286
99722349
99722354
99722355
99722357
99722361
99722362
99722363
99722370
99722375
99722376
99722377
99722379
99722380
99722381
99722381
99722382
99722383
99722384
99722387
99722389
99722390
99722391
99722397
99722403
99722411
99722412
99722413
99722415
99722416
99722421
99722422
99722424
99722429
99722431
99722432
99722433
99722434
99720793
99720794
99720795
99720797
99720798
99720799
99720800
99720802
99720804
99720805
99720806
99720807
99720808
99720809
99720811
99720812
99720813
99720814
99720816
99720818
99720819
99720821
99720823
99720825
99720830
99720831
99720832
99720833
99720835
99720836
99720842
99720843
99720844
99720846
99720848
99720849
99720850
99720853
99720856
99720857
99720858
99720859
99720862
99720863
99720864
99720865
99720866
99720870
99720871
99721662
99721665
99721666
99721668
99721669
99721671
99721673
99721674
99721676
99721677
99721678
99721679
99721680
99721681
99721682
99721683
99721684
99721685
99721686
99721687
99721688
99721689
99721692
99721694
99721696
99721697
99721699
99721700
99721702
99721706
99721708
99721709
99721710
99721711
99721712
99721714
99721715
99721716
99721717
99721718
99721720
99721721
99721722
99721724
99721726
99721727
99721728
99721741
99721742
99721744
99721745
99721747
99721747
99721750
99721752
99721754
99721755
99721759
99721761
99721763
99721764
99721765
99721766
99721767
99721768
99721769
99721770
99721771
99721773
99721775
99721776
99721777
99721778
99721779
99721780
99721783
99721785
99721787
99721789
99721792
99721793
99721794
99721796
99721797
99721798
99721801
99721802
99721803
99721805
99721809
99721810
99721811
99721813
99721814
99721816
99721817
99721820
99721821
99721822
99721823
99721825
99721827
99721834
99721835
99721836
99721837
99721842
99721843
99721844
99721845
99721846
99721847
99721850
99721851
99721852
99721856
99721857
99721858
99721860
99721861
99721862
99721864
99721866
99721867
99721868
99721872
99721873
99721874
99721875
99721878
99721879
99721880
99721881
99721883
99721885
99721889
99721890
99721891
99721892
99721893
99721894
99721898
99722436
99722438
99722441
99722443
99722444
99722445
99722446
99722448
99722452
99722454
99722455
99722456
99722458
99722459
99722461
99722462
99722464
99722465
99722467
99722468
99722470
99722471
99722473
99722478
99722479
99722484
99722486
99722490
99722491
99722491
99722492
99722493
99722494
99722495
99722497
99722499
99722501
99722504
99722505
99722506
99722507
99722508
99722509
99722511
99722513
99722514
99722515
99722518
99722519
99722525
99722528
99722530
99722531
99722532
99722538
99722539
99722540
99722541
99722543
99722559
99722562
99722563
99722569
99722572
99722573
99722574
99722575
99722576
99722583
99722584
99722587
99722590
99722592
99722595
99722596
99722598
99722600
99722602
99722603
99722605
99722606
99722607
99722609
99722613
99722615
99722616
99722617
99722621
99722622
99722623
99722624
99722625
99722626
99722627
99722628
99722629
99722630
99722632
99722633
99722635
99722636
99722637
99722643
99722648
99722649
99722650
99722650
99722653
99722654
99722655
99722657
99722658
99722659
99722661
99722662
99722663
99722664
99722667
99722668
99722669
99722671
99722672
99722673
99722676
99722677
99722678
99722679
99722680
99722682
99722683
99722686
99722687
99722689
99722691
99722694
99722696
99722697
99722701
99722702
99722703
99722704
99722707
99722709
99722710
99722712
99722715
99722717
99722719
99722720
99722721
99722724
99722725
99722726
99722727
99722728
99722730
99722733
99722735
99722736
99722737
99722739
99722741
99722743
99722744
99722750
99722751
99722752
99722754
99722760
99722762
99722763
99722764
99722765
99722767
99722769
99722772
99722776
99722779
99722781
99722782
99722784
99722787
99722985
99722986
99722988
99722990
99722991
99722992
99722993
99722994
99722996
99723004
99723006
99723007
99723009
99723010
99723011
99723013
99723014
99723015
99723017
99723019
99723021
99723024
99723025
99723027
99723028
99723029
99723030
99723034
99723035
99723037
99723038
99723039
99723042
99723044
99723044
99723046
99723047
99719944
99719945
99719946
99719947
99719948
99719951
99719952
99719954
99719955
99719956
99720770
99720771
99720773
99720777
99720778
99720779
99720781
99720783
99720784
99720791
99722287
99722288
99722289
99722290
99722291
99722292
99722294
99722295
99722302
99722304
99722307
99722308
99722310
99722311
99722312
99722313
99722314
99722315
99722317
99722318
99722320
99722322
99722323
99722324
99722328
99722329
99722333
99722334
99722335
99722336
99722337
99722338
99722339
99722341
99722342
99722343
99722345
99722346
99722348
99723049
99723050
99723051
99723052
99723054
99723055
99723057
99723060
99723061
99723065
99723068
99723071
99723072
99723074
99723077
99723079
99723080
99723081
99723082
99723084
99723085
99723086
99723087
99723088
99723089
99723091
99723093
99723096
99723098
99723099
99723099
99723100
99723101
99723102
99723105
99723107
99723108
99723110
99723111
99723113
99723114
99723115
99723116
99723118
99723119
99723120
99723122
99723123
99723124
99723124
99723126
99723127
99723128
99723130
99723132
99723133
99723135
99723137
99723141
99723143
99723144
99723145
99723150
99723154
99723159
99723160
99723166
99723167
99723172
99723173
99723174
99723176
99723181
99723184
99723187
99723188
99723190
99723191
99723193
99723195
99723196
99723197
99723200
99723204
99723206
99723207
99723208
99723211
99723212
99723216
99723218
99723219
99723220
99723221
99723224
99723226
99723229
99723230
99723233
99723234
99723235
99723237
99723239
99723240
99723241
99723242
99723244
99723248
99723250
99723251
99723252
99723254
99723255
99723256
99723257
99723260
99723261
99723262
99723263
99723266
99723271
99723277
99723279
99723280
99723281
99723282
99723283
99723284
99723285
99723286
99723287
99723293
99723295
99723297
99723299
99723301
99723302
99723305
99723311
99723314
99723315
99723316
99723317
99723318
99723320
99723321
99723322
99723323
99723325
99723329
99723330
99723332
99723334
99723335
99723336
99723337
99723341
99723342
99723344
99723345
99723346
99723349
99723350
99723352
99723353
99723354
99723356
99723357
99723358
99723360
99723361
99723363
99723367
99723370
99723373
99723375
99723376
99723377
99723378
99723380
99723381
99723382
99723420
99723422
99723423
99723428
99723430
99723431
99723438
99723439
99723440
99723442
99723444
99723450
99723451
99723452
99723454
99723455
99723456
99723458
99723460
99723461
99723462
99723464
99723467
99723468
99723470
99723473
99723474
99723476
99723479
99723482
99723487
99723491
99723495
99723495
99723496
99723498
99723499
99722788
99722790
99722795
99722796
99722797
99722798
99722799
99722800
99722802
99722807
99722809
99722810
99722813
99722814
99722816
99722819
99722820
99722822
99722823
99722827
99722828
99722829
99722830
99722831
99722832
99722833
99722834
99722835
99722836
99722838
99722840
99722841
99722842
99722844
99722845
99722847
99722848
99722853
99722855
99722856
99722856
99722858
99722859
99722860
99722861
99722862
99722863
99722864
99722865
99722867
99722869
99722870
99722871
99722872
99722873
99722875
99722877
99722878
99722881
99722882
99722886
99722892
99722898
99722900
99722901
99722908
99722910
99722911
99722913
99722915
99722916
99722918
99722919
99722921
99722923
99722924
99722925
99722926
99722927
99722928
99722930
99722931
99722933
99722938
99722940
99722940
99722941
99722945
99722947
99722949
99722951
99722953
99722955
99722959
99722960
99722977
99722983
99723500
99723502
99723503
99723508
99723510
99723513
99723514
99723515
99723517
99723518
99723519
99723520
99723522
99723525
99723526
99723527
99723531
99723532
99723533
99723534
99723535
99723536
99723537
99723538
99723539
99723541
99723542
99723543
99723545
99723546
99723549
99723550
99723551
99723552
99723555
99723557
99723558
99723560
99723561
99723565
99723569
99723574
99723575
99723577
99723578
99723580
99723581
99723582
99723584
99723585
99723587
99723589
99723590
99723592
99723593
99723594
99723597
99723598
99723600
99723603
99723605
99723606
99723606
99723607
99723610
99723611
99723613
99723614
99723615
99723616
99723617
99723619
99723620
99723621
99723622
99723624
99723628
99723631
99723634
99723635
99723637
99723638
99723641
99723643
99723644
99723646
99723647
99723648
99723649
99723651
99723652
99723654
99723655
99723656
99723659
99723662
99723663
99723664
99723665
99723666
99723669
99723671
99723672
99723673
99723681
99723682
99723683
99723684
99723689
99723690
99723691
99723692
99723693
99723694
99723696
99723697
99723699
99723704
99723705
99723706
99723707
99723708
99723709
99723710
99723712
99723713
99723714
99723716
99723717
99723718
99723720
99723724
99723725
99723726
99723727
99723727
99723731
99723733
99723734
99723735
99723736
99723737
99723738
99723740
99723741
99723743
99723744
99723747
99723748
99723749
99723750
99723752
99723757
99723758
99723761
99723763
99723764
99723769
99723770
99723771
99723773
99723774
99723779
99723780
99723781
99723784
99723786
99723788
99723790
99723791
99723792
99723794
99723797
99723800
99723806
99723807
99723811
99723812
99723813
99723814
99723815
99723819
99723832
99723833
99723835
99723838
99723840
99723841
99723842
99723843
99723848
99723851
99723852
99723853
99723855
99723856
99723858
99723859
99723860
99723861
99723862
99723863
99723865
99723866
99723867
99723868
99723871
99723873
99723874
99723876
99723877
99723878
99723879
99723880
99723883
99723884
99723886
99723887
99723384
99723386
99723390
99723392
99723393
99723394
99723395
99723396
99723399
99723402
99723404
99723405
99723406
99723407
99723409
99723410
99723413
99723414
99723415
99723416
99723418
99723419
99723889
99723891
99723892
99723894
99723896
99723898
99723901
99723902
99723903
99723904
99723905
99723906
99723910
99723911
99723913
99723914
99723915
99723916
99723918
99723920
99723921
99723923
99723924
99723926
99723927
99723928
99723929
99723930
99723932
99723933
99723934
99723935
99723937
99723938
99723939
99723940
99723941
99723942
99723944
99723948
99723950
99723951
99723952
99723953
99723954
99723955
99723956
99723958
99723960
99723961
99723962
99723963
99723964
99723965
99723966
99723967
99723969
99723970
99723972
99723974
99723975
99723979
99723981
99723982
99723983
99723985
99723990
99723995
99723996
99723997
99723998
99723999
99724000
99724002
99724009
99724010
99724012
99724013
99724014
99724016
99724019
99724022
99724025
99724026
99724027
99724029
99724030
99724031
99724032
99724036
99724037
99724039
99724041
99724043
99724044
99724046
99724051
99724052
99724053
99724054
99724057
99724058
99724059
99724059
99724061
99724062
99724065
99724066
99724067
99724070
99724071
99724072
99724074
99724075
99724077
99724078
99724081
99724082
99724084
99724085
99724086
99724094
99724095
99724096
99724098
99724099
99724102
99724103
99724104
99724105
99724106
99724110
99724111
99724113
99724114
99724115
99724118
99724119
99724120
99724121
99724122
99724125
99724126
99724127
99724128
99724129
99724130
99724131
99724133
99724137
99724138
99724140
99724142
99724142
99724143
99724146
99724150
99724153
99724155
99724157
99724159
99724160
99724164
99724165
99724171
99724172
99724175
99724176
99724178
99724179
99724181
99724183
99724185
99724187
99724189
99724190
99724192
99724193
99724194
99724195
99724196
99724197
99724872
99724874
99724875
99724880
99724881
99724882
99724884
99724885
99724886
99724887
99724888
99724889
99724890
99724891
99724892
99724893
99724897
99724898
99724899
99724901
99724902
99724904
99724905
99724906
99724908
99724909
99724910
99724911
99724914
99724916
99724919
99724920
99724922
99724923
99724924
99724925
99723822
99723823
99723827
99723830
99723831
99724927
99724928
99724930
99724931
99724933
99724934
99724935
99724936
99724940
99724942
99724943
99724945
99724946
99724947
99724949
99724950
99724953
99724956
99724964
99724965
99724966
99724967
99724968
99724970
99724971
99724977
99724978
99724979
99724980
99724982
99724983
99724984
99724985
99724987
99724989
99724990
99724994
99724995
99724997
99724998
99725000
99725002
99725003
99725005
99725006
99725007
99725008
99725010
99725011
99725012
99725013
99725020
99725021
99725025
99725029
99725030
99725036
99725039
99725040
99725041
99725043
99725045
99725047
99725049
99725051
99725052
99725053
99725056
99725057
99725058
99725059
99725061
99725062
99725063
99725065
99725068
99725073
99725076
99725079
99725080
99725082
99725083
99725084
99725085
99725086
99725088
99725095
99725099
99725100
99725101
99725104
99725106
99725107
99725110
99725112
99725115
99725120
99725121
99725122
99725123
99725125
99725126
99725128
99725130
99725131
99725132
99725135
99725137
99725138
99725139
99725140
99725141
99725142
99725143
99725146
99725147
99725148
99725149
99725151
99725152
99725155
99725157
99725158
99725159
99725161
99725162
99725164
99725165
99725166
99725167
99725168
99725169
99725173
99725174
99725175
99725180
99725184
99725187
99725189
99725191
99725201
99725202
99725203
99725204
99725208
99725209
99725210
99725212
99725213
99725214
99725215
99725217
99725218
99725219
99725223
99725224
99725225
99725227
99725229
99725229
99725230
99725231
99725232
99725233
99725237
99725238
99725240
99725242
99725242
99725245
99725247
99725248
99725249
99725250
99725252
99725253
99725255
99725256
99725257
99725259
99725261
99725262
99725263
99725266
99725269
99725270
99725271
99725272
99725273
99725274
99725275
99725276
99725277
99725280
99725284
99725286
99725287
99725290
99725299
99725300
99725304
99725305
99725306
99725309
99725312
99725314
99725315
99725317
99725319
99725325
99725326
99725327
99725328
99725329
99725329
99725331
99725332
99725334
99725337
99724198
99724199
99724200
99724202
99724203
99724204
99724205
99724207
99724212
99724213
99724214
99724216
99724217
99724218
99724220
99724223
99724224
99724225
99724228
99724232
99724233
99724234
99724235
99724236
99724237
99724238
99724243
99724246
99724247
99724250
99724251
99724253
99724256
99724259
99724262
99724263
99724267
99724268
99724268
99724269
99724270
99724271
99724272
99724273
99724275
99724276
99724277
99724278
99724281
99724282
99724283
99724286
99724287
99724289
99724290
99724291
99724293
99724294
99724295
99724296
99724298
99724299
99724300
99724301
99724302
99724303
99724304
99724307
99724308
99724309
99724310
99724314
99724316
99724317
99724318
99724319
99724322
99724323
99724325
99724326
99724327
99724328
99724329
99724331
99724332
99724334
99724336
99724337
99724338
99724339
99724340
99724341
99724343
99724344
99724345
99724346
99724347
99724349
99724350
99724351
99724354
99724356
99724360
99724363
99724364
99724366
99724367
99724370
99724372
99724373
99724374
99724375
99724380
99724383
99724386
99724387
99724388
99724391
99724397
99724398
99724399
99724401
99724404
99724406
99724407
99724408
99724409
99724410
99724412
99724412
99724413
99724415
99724416
99724423
99724426
99724429
99724434
99724436
99724437
99724439
99724441
99724442
99724444
99724445
99724446
99724447
99724448
99724450
99724455
99724456
99724458
99724459
99724460
99724462
99724463
99724464
99724465
99724466
99724467
99724468
99724469
99724471
99724474
99724476
99724478
99724479
99724486
99724487
99724488
99724490
99724495
99724496
99724498
99724499
99724500
99724501
99724502
99724504
99724505
99724506
99724507
99724509
99724512
99724513
99724514
99724518
99724520
99724521
99724523
99724525
99724526
99724527
99724529
99724530
99724533
99724534
99724535
99724536
99724537
99724538
99724541
99724542
99724543
99724546
99724556
99724557
99724558
99724559
99724560
99724562
99724567
99724568
99724571
99724573
99724577
99724582
99724584
99724586
99724589
99724596
99724598
99724599
99724600
99724601
99724602
99724603
99724604
99724605
99724606
99724608
99724609
99724611
99724612
99724615
99724617
99724618
99724619
99724620
99724623
99724625
99724628
99724629
99724629
99724630
99724631
99724634
99724635
99724636
99724638
99724646
99724649
99724650
99724652
99724653
99724654
99724655
99724657
99724661
99724664
99724665
99724666
99724668
99724673
99724674
99724675
99724677
99724679
99724681
99724683
99724684
99724687
99724689
99724690
99724691
99724692
99724693
99724694
99724695
99724696
99724697
99724698
99724700
99724703
99724704
99724706
99724709
99724710
99724711
99724713
99724714
99724715
99724716
99724717
99724718
99724720
99724724
99724728
99724730
99724733
99724734
99724736
99724737
99724738
99724739
99724740
99724741
99724743
99724744
99724746
99724747
99724749
99724750
99724751
99724753
99724756
99724757
99724762
99724763
99724764
99724767
99724768
99724770
99724772
99724773
99724774
99724778
99724780
99724781
99724782
99724783
99724784
99724785
99724786
99724787
99724789
99724790
99724791
99724795
99724796
99724797
99724799
99724800
99724801
99724803
99724804
99724805
99724807
99724809
99724810
99724811
99724812
99724814
99724815
99724816
99724819
99724820
99724821
99724823
99724825
99724826
99724827
99724828
99724830
99724831
99724832
99724833
99724834
99724836
99724837
99724838
99724841
99724842
99724845
99724846
99724847
99724849
99724850
99724852
99724853
99724854
99724854
99724855
99724856
99724857
99724864
99724866
99724867
99724868
99724869
99725339
99725341
99725343
99725345
99725347
99725349
99725350
99725351
99725353
99725354
99725360
99725363
99725364
99725365
99725366
99725367
99725372
99725375
99725379
99725380
99725381
99725384
99725385
99725386
99725387
99725388
99725391
99725392
99725393
99725394
99725396
99725397
99725398
99725399
99725402
99725403
99725406
99725407
99725408
99725410
99725411
99724969
99724969
99650245
99672578
92675360
99725210
99724525
99724525
99721389
99721389
99718427
99721389
99723972
99724264
99724264
99457862
98230618
98386523
99723281
99717115
98702456
99724060
99723137
99725293
99656995
99724482
99724474
99265328
99523961
99720486
99721653
31390
98607744
99721120
99721909
99723996
99724169
99653020
99723477
99723124
99705726
99558605
99723750
99192376
99722025
99409786
99722993
99723866
99192376
99543393
99585449
98219080
99719156
99724548
99717660
99718826
99724497
99617391
98902784
99273047
99053274
99067557
99719795
99442482
99718994
99718994
99718534
99442482
99722734
99708138
10434200
11716213
98040136
98053195
98057506
98093544
98123674
98128725
98150346
98150440
98181731
98215237
98219321
98244004
98258471
98262804
98267327
98283119
98301628
98306641
98309967
98321381
98323004
98324185
98336318
98385821
98557649
98667132
98751541
98918206
98954843
98978888
99025885
99027461
99066222
99066230
99066233
99119062
99135978
99170053
99195821
99264709
99268662
99285013
99287918
99313061
99338031
99347697
99347878
99353891
99362652
99362857
99363144
99366337
99366441
99366457
99374195
99379032
99399400
99404585
99423847
99435133
99436874
99473380
99520298
99530351
99531888
99531890
99538787
99538805
99540754
99540887
99549061
99549070
99559892
99559899
99569329
99569331
99569333
99569770
99572076
99572077
99576981
99580095
99580641
99580644
99580645
99584084
99584834
99589273
99591210
99591211
99591212
99595706
99597340
99597342
99599881
99600581
99602705
99602708
99602717
99605266
99605267
99605886
99606387
99608383
99609622
99610104
99615105
99615106
99616739
99619734
99620063
99629946
99631164
99632224
99632558
99634323
99638397
99643677
99643678
99643682
99643684
99646486
99646487
99646488
99648757
99648758
99649477
99649989
99650567
99651931
99651932
99651997
99652000
99652001
99652003
99654484
99657845
99657847
99657848
99657849
99659156
99660588
99660591
99660593
99662044
99662052
99662055
99670474
99674242
99675475
99677200
99677449
99679733
99679905
99679907
99681637
99681816
99681831
99697788
99697793
99697794
99697795
99705171
99705595
98093544
98095266
99375630
10434200
11716213
98040136
98053195
98057506
98093544
98123674
98128725
98150346
98150440
98181731
98215237
98219321
98244004
98258471
98262804
98267327
98283119
98301628
98306641
98309967
98321381
98323004
98324185
98336318
98385821
98557649
98667132
98751541
98918206
98954843
98978888
99025885
99027461
99066222
99066230
99066233
99119062
99135978
99170053
99195821
99264709
99268662
99285013
99287918
99313061
99338031
99347697
99347878
99353891
99362652
99362857
99363144
99366337
99366441
99366457
99374195
99379032
99399400
99404585
99423847
99435133
99436874
99473380
99520298
99530351
99531888
99531890
99538787
99538805
99540754
99540887
99549061
99549070
99559892
99559899
99569329
99569331
99569333
99569770
99572076
99572077
99576981
99580095
99580641
99580644
99580645
99584084
99584834
99589273
99591210
99591211
99591212
99595706
99597340
99597342
99599881
99600581
99602705
99602708
99602717
99605266
99605267
99605886
99606387
99608383
99609622
99610104
99615105
99615106
99616739
99619734
99620063
99629946
99631164
99632224
99632558
99634323
99638397
99643677
99643678
99643682
99643684
99646486
99646487
99646488
99648757
99648758
99649477
99649989
99650567
99651931
99651932
99651997
99652000
99652001
99652003
99654484
99657845
99657847
99657848
99657849
99659156
99660588
99660591
99660593
99662044
99662052
99662055
99670474
99674242
99675475
99677200
99677449
99679733
99679905
99679907
99681637
99681816
99681831
99697788
99697793
99697794
99697795
99705171
99705595
98093544
98095266
99375630
174670
176351
105120
127744
8640
62952
126368
134182
64851
453668
147357
127819
95491
404641
6681
9711
242318
13842
135373
32164
136104
143997
214857
234852
296370
305696
310008
474828
352064
383983
375281
375369
380465
381261
416329
440004
444306
460038
85172
469520
471078
478310
482299
488750
490017
490630
493948
494776
495005
496246
496251
496923
496963
497488
497740
497924
498439
500321
501607
501711
502329
503049
503650
99649489
99649842
99672492
99676378
99681621
99683461
99696517
99697943
99704923
99706801
99710118
99711068
99711282
99712381
99712440
99712944
99713720
99714149
99714301
99716589
99717723
99717790
99526804