174670
176351
105120
127744
8640
62952
126368
134182
64851
453668
147357
127819
95491
404641
6681
9711
242318
13842
135373
32164
136104
143997
214857
234852
296370
305696
310008
474828
352064
383983
375281
375369
380465
381261
416329
440004
444306
460038
85172
469520
471078
478310
482299
488750
490017
490630
493948
494776
495005
496246
496251
496923
496963
497488
497740
497924
498439
500321
501607
501711
502329
503049
503650
99649489
99649842
99672492
99676378
99681621
99683461
99696517
99697943
99704923
99706801
99710118
99711068
99711282
99712381
99712440
99712944
99713720
99714149
99714301
99716589
99717723
99717790
99461806
99461980
99461986
99462156
99462165
99462485
99462485
99462505
99462710
99462734
99462739
99463062
99463134
99463320
99463341
99463539
99463885
99464009
99464120
99464120
99464120
99464120
99464120
99464120
99464142
99464207
99464329
99464454
99464643
99464661
99464693
99464917
99464917
99465625
99465635
99465703
99465745
99465745
99466148
99466292
99466318
99466320
99466341
99466353
99466404
99466562
99467292
99467292
99467524
99467548
99467718
99467718
99468519
99468775
99468775
99468775
99468798
99468850
99468894
99468894
99469114
99469171
99469179
99469184
99469184
99469184
99469184
99469184
99469184
99469184
99469184
99469184
99469184
99469184
99469184
99469184
99469184
99469184
99469184
99469184
99469308
99469327
99469327
99469327
99469327
99469327
99469699
99469853
99469971
99469971
99469971
99469991
99470305
99470669
99470669
99470669
99471280
99471679
99471751
99471774
99471778
99471875
99471875
99471991
99472288
99472389
99472389
99472389
99472414
99472414
99472990
99473094
99473121
99473175
99473329
99473329
99473380
99473535
99473542
99473602
99473832
99473832
99473832
99473832
99473832
99473832
99473832
99473832
99473832
99473832
99473832
99473832
99473832
99473832
99473832
99474184
99474391
99474394
99474594
99474602
99474812
99474977
99475216
99475285
99475285
99475916
99475920
99476146
99476263
99476263
99476263
99476263
99476317
99476317
99476410
99476425
99476707
99476707
99476712
99476755
99476928
99477161
99477234
99477295
99477402
99477638
99477770
99477770
99478021
99478198
99478232
99478235
99478235
99478243
99478319
99478493
99479119
99479138
99479547
99479547
99479547
99479577
99479643
99479945
99480493
99480534
99480534
99480651
99480651
99480792
99481176
99481176
99481231
99481235
99481331
99481399
99481399
99481713
99481732
99481868
99482121
99482214
99482313
99482313
99482313
99482313
99482450
99482492
99482532
99482537
99483382
99483674
99483703
99483761
99483826
99483826
99484434
99484484
99484518
99484584
99485138
99485186
99485339
99485351
99485351
99485457
99485457
99485507
99485507
99485507
99485625
99485631
99485631
99485782
99485830
99486013
99486067
99486068
99486137
99486783
99486975
99486985
99487109
99487136
99487223
99487223
99487223
99487223
99487223
99487223
99487223
99487223
99487223
99487223
99487223
99487223
99487223
99487223
99487687
99488212
99488269
99488269
99488364
99488364
99488364
99488364
99488364
99488364
99488364
99488364
99488364
99488364
99488364
99488364
99488563
99488604
99488711
99488711
99488826
99488959
99488959
99489061
99489061
99489061
99489248
99489281
99489281
99489305
99489305
99489400
99489400
99489589
99489650
99489725
99489725
99489809
99489958
99489989
99490218
99490228
99490361
99490741
99490916
99490963
99491367
99491420
99491420
99491641
99491755
99491755
99491755
99491755
99491755
99491755
99491755
99491755
99491755
99491755
99491755
99491755
99491755
99491755
99491755
99491755
99491830
99491885
99491917
99492119
99492261
99492385
99492414
99492672
99492844
99493040
99493142
99493260
99493260
99493300
99493353
99493371
99493375
99493749
99494123
99494171
99494283
99494283
99494456
99494601
99494806
99494813
99494841
99495176
99495265
99495265
99495549
99495579
99495579
99495579
99495579
99495774
99495774
99495920
99513753
99513982
99514120
99514120
99514511
99514832
99515090
99515090
99515231
99515231
99515402
99515487
99515862
99515862
99515974
99516008
99516242
99516320
99516389
99516434
99516434
99516462
99516473
99516476
99516754
99516785
99516988
99517105
99517105
99517500
99517500
99517513
99517524
99517524
99517804
99517844
99518208
99518338
99518476
99518605
99518605
99518608
99518652
99518661
99518828
99518917
99518946
99519063
99519445
99519670
99519805
99519805
99520103
99520103
99520139
99520323
99520594
99520594
99520632
99520681
99520713
99521360
99521522
99521628
99521653
99521775
99521775
99522057
99522477
99522743
99522743
99522958
99523616
99523662
99523753
99523857
99523935
99523961
99524004
99524024
99524034
99524057
99524964
99524964
99524964
99524964
99524992
99524992
99524992
99525320
99525320
99525321
99525466
99525541
99525669
99525669
99525716
99525991
99526056
99526131
99526131
99526298
99526427
99526427
99526667
99526667
99526871
99526892
99526892
99527078
99527122
99527132
99527499
99527715
99528418
99529087
99529225
99529489
99529573
99529633
99529826
99529826
99530352
99530358
99473887
99530521
99530521
99530534
99530561
99530604
99530629
99530629
99530661
99530711
99530770
99531002
99531060
99531167
99531429
99531440
99531456
99531888
99531888
99531952
99532074
99532074
99532480
99532506
99532703
99532724
99532744
99533011
99533011
99533011
99533079
99533183
99533250
99533396
99533535
99533794
99533804
99533922
99533922
99533972
99533972
99533972
99534014
99534182
99534234
99534335
99534503
99534510
99534549
99534768
99535217
99535217
99535426
99535440
99535694
99535740
99535751
99535969
99535989
99536098
99536201
99536201
99536207
99536226
99536479
99536563
99536563
99536584
99536616
99536711
99536774
99536789
99537296
99537296
99537344
99537344
99537344
99537378
99537761
99538049
99538049
99538049
99538049
99538049
99538049
99538049
99538049
99538049
99538049
99538049
99538049
99538049
99538049
99538049
99538076
99538076
99538076
99538076
99538076
99538076
99538076
99538076
99538076
99538076
99538076
99538076
99538076
99538076
99538076
99538118
99538118
99538285
99538413
99538413
99538413
99538413
99538413
99538413
99538413
99538413
99538413
99538413
99538413
99538413
99538413
99538413
99538413
99538435
99538435
99538506
99538506
99539141
99539189
99539273
99539314
99539314
99539424
99539424
99539552
99539552
99540186
99540186
99540186
99540239
99540290
99540369
99540392
99540754
99540920
99540920
99540925
99540925
99541001
99542135
99542141
99542355
99542518
99542624
99542645
99542659
99542875
99542943
99542993
99543393
99543407
99543407
99543407
99543611
99543611
99543661
99543661
99543734
99543806
99543958
99544209
99544302
99544334
99544334
99544411
99544812
99545279
99545279
99545279
99545279
99545279
99545471
99545636
99545688
99545688
99545746
99545973
99545973
99546304
99546459
99546500
99546535
99546602
99546716
99546726
99546774
99546800
99546828
99546944
99547576
99547710
99547977
99548007
99548139
99548238
99548238
99548552
99548556
99548615
99549204
99549394
99549414
99549432
99549440
99549728
99549929
99550148
99550148
99550148
99550163
99550475
99550553
99550602
99550602
99550672
99550711
99550711
99550786
99551007
99551007
99551436
99551436
99551436
99551505
99551505
99551579
99551813
99551847
99551856
99551856
99551856
99551856
99551856
99551856
99551856
99551856
99551856
99551856
99551856
99551856
99551856
99551856
99552023
99552092
99552092
99552143
99552702
99552800
99552809
99552883
99552902
99553118
99553118
99553221
99553332
99553371
99553496
99553503
99553678
99553678
99553891
99553985
99554082
99554187
99554187
99554289
99554453
99554453
99554520
99554826
99554941
99554941
99555231
99555231
99555344
99555363
99555446
99555491
99555509
99555702
99581827
99581874
99581874
99581874
99582065
99582148
99582205
99582245
99582245
99582249
99582249
99582295
99582325
99582370
99582389
99582406
99582408
99582710
99582721
99582886
99582965
99582965
99583063
99583758
99583764
99584016
99584241
99584350
99584372
99584372
99584418
99584433
99584569
99584573
99584584
99584834
99524226
99524226
99524356
99524495
99524724
99524724
99524778
99584850
99584879
99585248
99585298
99585518
99585597
99585597
99585633
99585633
99585705
99585737
99585865
99585865
99586014
99586014
99586340
99586413
99586538
99586606
99586607
99586726
99586733
99586775
99586902
99587047
99587215
99587215
99587302
99587302
99587654
99587792
99587820
99587874
99587916
99587991
99588020
99588179
99588179
99588246
99588269
99588270
99588276
99588289
99588290
99588433
99588551
99588859
99588859
99588900
99588900
99588905
99588905
99588982
99589021
99589170
99589170
99589188
99589327
99589355
99589355
99589367
99589367
99589397
99589397
99589647
99589868
99589878
99589928
99589928
99589928
99589929
99590045
99590045
99590157
99590402
99590624
99590783
99590785
99590909
99591464
99591497
99591497
99591674
99591992
99592045
99592191
99592227
99592348
99592348
99592437
99592479
99592524
99592533
99592587
99592776
99592776
99592776
99592777
99592817
99592831
99592979
99592982
99592982
99593019
99593278
99593278
99593317
99593317
99593427
99593498
99593498
99593498
99593498
99593724
99593749
99593749
99593848
99593848
99594098
99594243
99594357
99594425
99594441
99594523
99594523
99594555
99594601
99594601
99594853
99594853
99595025
99595025
99595080
99595150
99595404
99595404
99595404
99595434
99595534
99595534
99595663
99595683
99595683
99595686
99595816
99595816
99595816
99595830
99595911
99596026
99596121
99596286
99596315
99596322
99596349
99596388
99596559
99596752
99596768
99596888
99596983
99597210
99597343
99597402
99597402
99597560
99597622
99597659
99597734
99597814
99597814
99597950
99597950
99598088
99598420
99598460
99598611
99598936
99599064
99599070
99599199
99599547
99599547
99599547
99599682
99599743
99600079
99600112
99600280
99600509
99600761
99600813
99601108
99601170
99601223
99601328
99601372
99601548
99601703
99601764
99601881
99601908
99601963
99601970
99601979
99601979
99602050
99602257
99602727
99602924
99603037
99603090
99603090
99603335
99603454
99603549
99603660
99603660
99603663
99603780
99603866
99603888
99603998
99604020
99604267
99604273
99604351
99604521
99604526
99604583
99604599
99604889
99605001
99608648
99608700
99608789
99608997
99609070
99609070
99609070
99609272
99609360
99609403
99609481
99609565
99609569
99609672
99609707
99609707
99609707
99609707
99609707
99609707
99609707
99609707
99609707
99609707
99609707
99609849
99609935
99610181
99610181
99610280
99610299
99610299
99610299
99610438
99610681
99610681
99610807
99610807
99610900
99610909
99611039
99611046
99611046
99611102
99611259
99611316
99611339
99611339
99611340
99557637
99557637
99557775
99558020
99558049
99558479
99558605
99558669
99558906
99558906
99559156
99559245
99559592
99559687
99559759
99559821
99559821
99559916
99560243
99560255
99560402
99560675
99560687
99560812
99560812
99560812
99560812
99560812
99560812
99560812
99560812
99560812
99560812
99560812
99560812
99560812
99560812
99560812
99560812
99560838
99560838
99560838
99560899
99561011
99561052
99561260
99561328
99561623
99561726
99561726
99561726
99561726
99561726
99561726
99561726
99561726
99561726
99561726
99561726
99561726
99561726
99561726
99561791
99562088
99562088
99562409
99563029
99563134
99563176
99563176
99563338
99563338
99563338
99563338
99563674
99563674
99563674
99563704
99563704
99563747
99563747
99563747
99563941
99563941
99563958
99564494
99564559
99564559
99565110
99565126
99565180
99565646
99565895
99565895
99565961
99566033
99566182
99566608
99566634
99566634
99566703
99566788
99567034
99567077
99567101
99567259
99567327
99567350
99567354
99567383
99567383
99567487
99567548
99567586
99567590
99567601
99567710
99567782
99567846
99567973
99568581
99568600
99568925
99568929
99568941
99568967
99568999
99569095
99569095
99569172
99569301
99569301
99569304
99569304
99569306
99569306
99569308
99569308
99569703
99569703
99570017
99570126
99570171
99570388
99570427
99570603
99570863
99570872
99570872
99570872
99570872
99570872
99570872
99570872
99570872
99570872
99570872
99570872
99570872
99570872
99570872
99570872
99570874
99570882
99570887
99570919
99570919
99571310
99571458
99571477
99571539
99571691
99571691
99571883
99571952
99572047
99572047
99572059
99572059
99572059
99572059
99572059
99572100
99572343
99572862
99572925
99572925
99572925
99572925
99573041
99573041
99573056
99573061
99573061
99573155
99573155
99573665
99573855
99573860
99573889
99573918
99573999
99574346
99574346
99574433
99574433
99574596
99574746
99574754
99574754
99574754
99574754
99574754
99574754
99574754
99574754
99574754
99574754
99574754
99574754
99574754
99574754
99574754
99574870
99574930
99575004
99575095
99575129
99575211
99575211
99575372
99575569
99575699
99575839
99575839
99575848
99576039
99576164
99576253
99576263
99576263
99576263
99576344
99576453
99576453
99576480
99576686
99576785
99577041
99577065
99577133
99577391
99577576
99577590
99577595
99577624
99577733
99577822
99577887
99577887
99578026
99578074
99578074
99578254
99578285
99578663
99578843
99578843
99578902
99579005
99579005
99579032
99579171
99579171
99579371
99579371
99579381
99579381
99579471
99579514
99579514
99579544
99579669
99579776
99579967
99580072
99580072
99580132
99580149
99580357
99580357
99580357
99580571
99580862
99580921
99580984
99580984
99581092
99581368
99581407
99581561
99581587
99581687
99581687
99581691
99611457
99611457
99611551
99611551
99611554
99611574
99611732
99611946
99612203
99612395
99612447
99612478
99612676
99612966
99613055
99613055
99613055
99613055
99613055
99613055
99613055
99613055
99613055
99613055
99613055
99613055
99613055
99613055
99613055
99613056
99613056
99613056
99613056
99613056
99613056
99613056
99613056
99613056
99613056
99613056
99613056
99613056
99613056
99613056
99613363
99613388
99613470
99613554
99613616
99613736
99613965
99613985
99613985
99614023
99614056
99614211
99614284
99614495
99614576
99614588
99614588
99615028
99615167
99615167
99615280
99615402
99615408
99615508
99615528
99615537
99615690
99615694
99615977
99615977
99615977
99616032
99616091
99616135
99616135
99616338
99616341
99617107
99617117
99617380
99617391
99617474
99617532
99617629
99617734
99617753
99617791
99617872
99618097
99618170
99618170
99618181
99618181
99618181
99618282
99618291
99618312
99618350
99618411
99618411
99618442
99618442
99618576
99618634
99618736
99618736
99618736
99618792
99618905
99618938
99618938
99618961
99618961
99618969
99619196
99619241
99619396
99619493
99619568
99619568
99619568
99619751
99619771
99619896
99619896
99619911
99620068
99620263
99620346
99620346
99620346
99620414
99620433
99620440
99620584
99620771
99620793
99620851
99620952
99621129
99621398
99621522
99621558
99621566
99621616
99621685
99621833
99622020
99622116
99622205
99622205
99622207
99622331
99622508
99622508
99622614
99622615
99622615
99622615
99622615
99622615
99622615
99622615
99622615
99622615
99622615
99622615
99622615
99622615
99622615
99622615
99622675
99622921
99622921
99622921
99622981
99622981
99623110
99623112
99623337
99623347
99623347
99623506
99623547
99623711
99623773
99624091
99624256
99624336
99624601
99624632
99624955
99625018
99625018
99625135
99625194
99625249
99625287
99625287
99625357
99625357
99625459
99627670
99627670
99627858
99627980
99628035
99628097
99628131
99628188
99628221
99628629
99628629
99628679
99628698
99628740
99628822
99628892
99629029
99629029
99629202
99629262
99629262
99629263
99629311
99629332
99629505
99629505
99629618
99629618
99629649
99629760
99629774
99629842
99629842
99629842
99629939
99629939
99629939
99630051
99630089
99630145
99630146
99630162
99630214
99630214
99630273
99630273
99630357
99630394
99630398
99630659
99630935
99630967
99631019
99631019
99631208
99631303
99631448
99631634
99631687
99631753
99631826
99631916
99632024
99632186
99632555
99632599
99634617
99634812
99634877
99634987
99635005
99635053
99635056
99635075
99635247
99635283
99635330
99635330
99635396
99635520
99635520
99635629
99635662
99635759
99636004
99636037
99636056
99636447
99636482
99636648
99636670
99636680
99636725
99637295
99637406
99637406
99637493
99637493
99637735
99637888
99637888
99555713
99555797
99555815
99555815
99555815
99556091
99556350
99556350
99556381
99556389
99556666
99556673
99556760
99556833
99556941
99557256
99557261
99557430
99557451
99557475
99557528
99605160
99605231
99605449
99605480
99605491
99605491
99605493
99605650
99605741
99605794
99605857
99605882
99605882
99605886
99606025
99606033
99606042
99606169
99606235
99606359
99606387
99606423
99606509
99606536
99606542
99606559
99606563
99606572
99606686
99606696
99606696
99606697
99606788
99606788
99606867
99606914
99606923
99607045
99607073
99607099
99607163
99607254
99607254
99607535
99607653
99607664
99607677
99607740
99607893
99607921
99608360
99608360
99608383
99638015
99638022
99638126
99638172
99638198
99638241
99638241
99638241
99638273
99638376
99638376
99638463
99638506
99638654
99638673
99638773
99638840
99638840
99638841
99638972
99638995
99639133
99639359
99639425
99639565
99639565
99639651
99639677
99639677
99639678
99640059
99640064
99640139
99640189
99640191
99640217
99640234
99640234
99640435
99640633
99640633
99640760
99640778
99640788
99640890
99640912
99640912
99641038
99641053
99641091
99641181
99641511
99641511
99641520
99641567
99641673
99641698
99641751
99641914
99642047
99642049
99642180
99642238
99642247
99642258
99642453
99642582
99642582
99642721
99642837
99642893
99643139
99643156
99643156
99643422
99643428
99643428
99643436
99643491
99643526
99643765
99643801
99643808
99643809
99643907
99643972
99644034
99644052
99644052
99644125
99644131
99644131
99644189
99644189
99644313
99644315
99644455
99644455
99644465
99644527
99644583
99644706
99644824
99644834
99644852
99644852
99644899
99644902
99644902
99644925
99644948
99645074
99645074
99645202
99645296
99645488
99645530
99645530
99645581
99645672
99645701
99645752
99645755
99645758
99645760
99645797
99645814
99646001
99646001
99646106
99646128
99646191
99646231
99646346
99646446
99646553
99646713
99646725
99646737
99646737
99646738
99646738
99646795
99646817
99646865
99646890
99646929
99647166
99647227
99647304
99647304
99647350
99647355
99647383
99647385
99647430
99647444
99647507
99647520
99647564
99647564
99647564
99647589
99647589
99647589
99647670
99647736
99647758
99647899
99647899
99648043
99648080
99648221
99648271
99648271
99648415
99648488
99648488
99648490
99648490
99648538
99648538
99648538
99648583
99648588
99648672
99648680
99648778
99648853
99648877
99648928
99649084
99649112
99649228
99649461
99649463
99649463
99649477
99649480
99649480
99649501
99649588
99649782
99649976
99650346
99650346
99650433
99650552
99650568
99650633
99650671
99650671
99650693
99650805
99650805
99650881
99650901
99650959
99650974
99651238
99651238
99651480
99651517
99651597
99651631
99651641
99651641
99651724
99653936
99653969
99654312
99654338
99654419
99654491
99654796
99654857
99654903
99655020
99655048
99655092
99655123
99655123
99655151
99655192
99655192
99655192
99655272
99655559
99656011
99656011
99656058
99656061
99656073
99656078
99656093
99656093
99656202
99656214
99656214
99656240
99656328
99656338
99656404
99656404
99656426
99632919
99633069
99633081
99633139
99633154
99633287
99633311
99633332
99633533
99633533
99633550
99633550
99633550
99633550
99633551
99633558
99633724
99633899
99633922
99634085
99634248
99634490
99634534
99634534
99634534
99634534
99634536
99634536
99634536
99634536
99656440
99656542
99656626
99656632
99656830
99656868
99656907
99657185
99657185
99657187
99657377
99657430
99657640
99657713
99657713
99657733
99657812
99657878
99657878
99657898
99657920
99657945
99657987
99658060
99658153
99658167
99658189
99658559
99658577
99658578
99658633
99658633
99658642
99658793
99658890
99658895
99658986
99659156
99659239
99659380
99659584
99659652
99659652
99659742
99659761
99659883
99659965
99659974
99660022
99660062
99660101
99660171
99660193
99660193
99660193
99660193
99660193
99660193
99660193
99660193
99660193
99660193
99660193
99660193
99660193
99660193
99660193
99660200
99660244
99660299
99660331
99660394
99660424
99660424
99660511
99660565
99660582
99660613
99660639
99660639
99660640
99660640
99660738
99660740
99660819
99660819
99660881
99660997
99661041
99661041
99661051
99661135
99661187
99661208
99661427
99661559
99661589
99661635
99661636
99661636
99661654
99661664
99661748
99661803
99661803
99661874
99661980
99661980
99662020
99662165
99662268
99662357
99662413
99662489
99662644
99662731
99662731
99662804
99662858
99662892
99663015
99663015
99663118
99663150
99663212
99663278
99663286
99663298
99663468
99663483
99663484
99663493
99663648
99663795
99663795
99663918
99663923
99663935
99663935
99663935
99664098
99664129
99664129
99664148
99664223
99664261
99664344
99664344
99664344
99664344
99664344
99664344
99664344
99664433
99664493
99664560
99664607
99664794
99664821
99664821
99664909
99664909
99664925
99665145
99665224
99665242
99665278
99665278
99665278
99665322
99665342
99665342
99665412
99665770
99665770
99665824
99665824
99665939
99665966
99665992
99665998
99666030
99666049
99666049
99666071
99666075
99666095
99666185
99666185
99666186
99666186
99666219
99666354
99666575
99666663
99666663
99666684
99666706
99666706
99666728
99666932
99666975
99666983
99666983
99667100
99667163
99667396
99667419
99667558
99667613
99667623
99667668
99667783
99667784
99667785
99667949
99668288
99668358
99668407
99668420
99668533
99668537
99668563
99668726
99669124
99669124
99669137
99669192
99669192
99669284
99669309
99669328
99669362
99669439
99669442
99669453
99669468
99669663
99669674
99669705
99669753
99669802
99669849
99669995
99670292
99670304
99670304
99670446
99670485
99670576
99670779
99670915
99671086
99671151
99671254
99671326
99671375
99671375
99671473
99671672
99671891
99671923
99671935
99671940
99671954
99672039
99672047
99672054
99672175
99672540
99672577
99672812
99651792
99651875
99651905
99651905
99651920
99651920
99652012
99652024
99652027
99652036
99652177
99652203
99652255
99652387
99652497
99652546
99652587
99652610
99652695
99652700
99653004
99653039
99653059
99653067
99653246
99653252
99653272
99653320
99653392
99653586
99653586
99653608
99653706
99653706
99653706
99653706
99653706
99653706
99653706
99653706
99653706
99653706
99653706
99653706
99653706
99653706
99653706
99653742
99653766
99653768
99653778
99653828
99653895
99672841
99672853
99672897
99673066
99673066
99673216
99673612
99673679
99673679
99673821
99673951
99673958
99674083
99674174
99674242
99674242
99674242
99674259
99674376
99674470
99674499
99674509
99674536
99674555
99674555
99674555
99674633
99674633
99674727
99674916
99674946
99675052
99675133
99675133
99675140
99675386
99675458
99675491
99675491
99675703
99675703
99675750
99675750
99675764
99675764
99675811
99675834
99675834
99675834
99675842
99675842
99675842
99675874
99675936
99676019
99676026
99676030
99676030
99676114
99676120
99676317
99676328
99676361
99676379
99676420
99676479
99676573
99676623
99676646
99676648
99676744
99677094
99677200
99677249
99677286
99677345
99677350
99677414
99677449
99677683
99677808
99678008
99678070
99678161
99678177
99678224
99678337
99678557
99678557
99678756
99678773
99678811
99678831
99678831
99678885
99678981
99679086
99679086
99679106
99679143
99679144
99679253
99679344
99679533
99679577
99679670
99679756
99679758
99679767
99679793
99679887
99679942
99679973
99679973
99679978
99680014
99680036
99680207
99680263
99680288
99680343
99680371
99680381
99680430
99680466
99680617
99680673
99680693
99680699
99680714
99680901
99680901
99680935
99680999
99680999
99681138
99681143
99681152
99681230
99681399
99681420
99681532
99681552
99681600
99681682
99681697
99681762
99681771
99681800
99681816
99681816
99681816
99681856
99681902
99681981
99682011
99682041
99682057
99682156
99682156
99682231
99682234
99682234
99682234
99682234
99682234
99682234
99682234
99682234
99682246
99682247
99682264
99682285
99682309
99682422
99682435
99682435
99682538
99682614
99682654
99682676
99682676
99682779
99682876
99682960
99683019
99683022
99683060
99683266
99683266
99683266
99683266
99683266
99683341
99683386
99683387
99683437
99683477
99683759
99683779
99683796
99683796
99683879
99683885
99683885
99683996
99684056
99684062
99684123
99684129
99684176
99684194
99684194
99684246
99684278
99684410
99684477
99684523
99684545
99684565
99684768
99684768
99684842
99684842
99684876
99684879
99684903
99684967
99684973
99685033
99688507
99688532
99688639
99688684
99688685
99688721
99688732
99688738
99688742
99688755
99688787
99688787
99688828
99688844
99688844
99688860
99688925
99688947
99689033
99689042
99689058
99689061
99689089
99689099
99689134
99689146
99689166
99689257
99689336
99689398
99689405
99689425
99669742
99689458
99689528
99689528
99689696
99689703
99689703
99689713
99689726
99689736
99689736
99689738
99689826
99689846
99689852
99689871
99689880
99689882
99695243
99695375
99695790
99695793
99695851
99695854
99695968
99696001
99696217
99696252
99696272
99696314
99696368
99696408
99696411
99696415
99696424
99696438
99696486
99696573
99696573
99696606
99696613
99696613
99696635
99696635
99696646
99696679
99696703
99696740
99696762
99696921
99696953
99696953
99696963
99697192
99697203
99697227
99697264
99697331
99697337
99697348
99697361
99697380
99697391
99697393
99697423
99697495
99697505
99697591
99697626
99697637
99697649
99697664
99697809
99697818
99697821
99697827
99697827
99697853
99697929
99697936
99697936
99697936
99698033
99698284
99698284
99698309
99698363
99698376
99698405
99698439
99698478
99698501
99698536
99698554
99698569
99698571
99698626
99698626
99698646
99698653
99698668
99698672
99698795
99698804
99698806
99698911
99698912
99698997
99699055
99699154
99699239
99699259
99699328
99699333
99699391
99699413
99699418
99699436
99699458
99699484
99699571
99699580
99699581
99699583
99699585
99699588
99699610
99699666
99699685
99699685
99699707
99699719
99699762
99699801
99699802
99699970
99699970
99699972
99699972
99700091
99700100
99700117
99700120
99700213
99700262
99700271
99700321
99700321
99700321
99700323
99700352
99700352
99700409
99700582
99700663
99700691
99700782
99700819
99700823
99700892
99700907
99700909
99700930
99700930
99700939
99701036
99701041
99701050
99701170
99701375
99701422
99701435
99701489
99701489
99701510
99701570
99701587
99701603
99701627
99701629
99701631
99701637
99701640
99701656
99701741
99701748
99701824
99701832
99701980
99702011
99702024
99702107
99702132
99702179
99702228
99702235
99702245
99702257
99702341
99702377
99702422
99702428
99702428
99702462
99702577
99702578
99702580
99702585
99706805
99706806
99706816
99706828
99706990
99706991
99706991
99706991
99706997
99707020
99707027
99707066
99707116
99707116
99707173
99707217
99707217
99707219
99707222
99707245
99707284
99707308
99707344
99707362
99707433
99707433
99707433
99707467
99707563
99707575
99707639
99707676
99707825
99707839
99707839
99707860
99707871
99685054
99685092
99685111
99685144
99685152
99685285
99685328
99685339
99685392
99685407
99685414
99685422
99685482
99685542
99685548
99685602
99685673
99685694
99685704
99685720
99685760
99685819
99685819
99685891
99685915
99685921
99685936
99686014
99686014
99686055
99686078
99686247
99686421
99686421
99686453
99686492
99686546
99686546
99686593
99686634
99686659
99686776
99686830
99686874
99686876
99686876
99686889
99686945
99686969
99686973
99686974
99687104
99687121
99687151
99687184
99687236
99687267
99687293
99687345
99687357
99687357
99687404
99687412
99687454
99687472
99687591
99687596
99687637
99687715
99687723
99687729
99687740
99687842
99687848
99687856
99687858
99687866
99687866
99687884
99687920
99687969
99687969
99688032
99688075
99688079
99688096
99688097
99688159
99688164
99688184
99688258
99688347
99688419
99688419
99707886
99707942
99707967
99708024
99708079
99708109
99708243
99708244
99708244
99708259
99708403
99708432
99708465
99708512
99708627
99708627
99708654
99708657
99708686
99708698
99708699
99708699
99708702
99708724
99708777
99708825
99708881
99708901
99708918
99708924
99708994
99709081
99709158
99709158
99709216
99709216
99709285
99709295
99709299
99709358
99709358
99709359
99709366
99709406
99709431
99709455
99709456
99709470
99709492
99709512
99709584
99709630
99709654
99709756
99709757
99709759
99709844
99709943
99709948
99709966
99710041
99710041
99710045
99710052
99710168
99710177
99710201
99710283
99710341
99710452
99710489
99710496
99710496
99710496
99710511
99710511
99710513
99710556
99710563
99710636
99710638
99710795
99710798
99710809
99710872
99710905
99710977
99711022
99711041
99711043
99711046
99711049
99711057
99711109
99711110
99711110
99711161
99711352
99711380
99711380
99711415
99711492
99711553
99711742
99711819
99711828
99711832
99712110
99712134
99712158
99712192
99712192
99712192
99712231
99712234
99712235
99712236
99712237
99712257
99712283
99712341
99712463
99712522
99712555
99712561
99712625
99712625
99712784
99712821
99712881
99713012
99713082
99713102
99713183
99713187
99713220
99713284
99713310
99713323
99713391
99713493
99713494
99713532
99713532
99713532
99713533
99713566
99713570
99713585
99713599
99713637
99713725
99713735
99713742
99713742
99713829
99713833
99713909
99713926
99714035
99714055
99714083
99714117
99714211
99714211
99714241
99714241
99714272
99714274
99714280
99714373
99714466
99714497
99714521
99714527
99714551
99714661
99714838
99714861
99714948
99714952
99714994
99714994
99715053
99715088
99715110
99715122
99715143
99715150
99715154
99715200
99715213
99715253
99715411
99715411
99715463
99715670
99715798
99715888
99715942
99716147
99716346
99716393
99716393
99716472
99716603
99716604
99716707
99716820
99716893
99716948
99717026
99717091
99717141
99717169
99717169
99717170
99717461
99717525
99717582
99717742
99717877
99718016
99718031
99718034
99718078
99718178
99718307
99718319
99718380
99718380
99718440
99718551
99718701
99718701
99718722
99718733
99718802
99718849
99718864
99718959
99719015
99702686
99702738
99702762
99702799
99702902
99702940
99702945
99703025
99703178
99703178
99703179
99703182
99703189
99703191
99703224
99703274
99703297
99703305
99703401
99703537
99703539
99703573
99703597
99703603
99703603
99703678
99703690
99703766
99703796
99703853
99703866
99703877
99704018
99704062
99704088
99704158
99704186
99704186
99704458
99704468
99704494
99704583
99704584
99704600
99704858
99704869
99704878
99704985
99705016
99705076
99705080
99705171
99705205
99705261
99705440
99705453
99705464
99705572
99705595
99705712
99705724
99705726
99705734
99705756
99705807
99705945
99705967
99705967
99705967
99706000
99706014
99706023
99706061
99706105
99706170
99706281
99706323
99706330
99706353
99706353
99706414
99706458
99706592
99706780
99706780
99706780
99706781
99706781
99706781
99706782
99706782
99706782
99706788
99706790
99706790
99719026
99719047
99719061
99719238
99719244
99719260
99719260
99719260
99719266
99719351
99719381
99719496
99719509
99719624
99719668
99719668
99719673
99719693
99719750
99719795
99719956
99720039
99720118
99720118
99720155
99720273
99720279
99720283
99720344
99720533
99720537
99720645
99720659
99720720
99720769
99720846
99721046
99721057
99721178
99721281
99721293
99721358
99721689
99721970
99722333
99722703
