99713709
99714403
99714957
99715221
99715313
99715341
99715427
99716227
99716678
99716782
99717068
99717261
99717383
99717395
99717611
99717983
99718135
99718156
99718503
99718588
99718900
99718938
99719092
99719140
99719174
99719216
99719452
99719529
99719532
99719642
99719663
99719676
99719685
99719726
99719754
99719778
99719816
99719819
99719837
99719874
99719881
99719951
99719972
99720060
99720088
99720134
99720148
99720203
99720227
99720267
99720436
99720454
99720476
99720482
99720496
99720538
99720575
99720605
99720606
99720610
99720634
99720640
99720649
99720650
99720667
99720675
99720692
99720742
99720810
99720826
99720844
99720848
99720853
99720871
99720873
99720884
99720890
99720907
99720920
99720929
99720940
99720951
99720957
99720959
99721008
99721041
99721079
99721088
99721091
99721103
99721128
99721129
99721134
99721141
99721146
99721148
99721151
99721157
99721167
99721170
99721196
99721208
99721221
99721223
99721242
99721245
99721252
99721254
99721258
99721259
99721264
99721277
99721285
99721287
99721290
99721291
99721294
99721295
99721300
99721301
99721303
99721306
99721317
99721332
99721347
99721348
99721357
99721358
99721370
99721373
99721386
99721427
99721437
99721444
99721451
99721453
99721461
99721483
99721490
99721499
99721504
99721507
99721509
99721518
99721549
99721553
99721589
99721607
99721616
99721623
99721641
99721646
99721659
99721668
99721680
99721694
99721711
99721713
99721741
99721750
99721766
99721815
99721821
99721825
99721856
99721877
99721880
99721882
99721892
99721894
99719987
99720094
99720172
99720184
99720273
99720283
99720305
99720313
99720403
99720588
99720616
99720669
99720679
99720696
99720702
99720735
99720746
99720759
99720859
99720888
99720891
99720938
99721081
99721100
99721168
99721247
99721282
99721305
99721311
99721371
99721405
99721408
99721417
99721450
99721484
99721500
99721526
99721535
99721547
99721556
99721590
99721690
99721707
99721757
99721782
99721808
99721841
99721845
99721847
99721853
99721887
99719764
99696241
99696405
99696472
99696475
99696652
99696677
99696861
99696871
99696901
99696932
99696985
99697059
99697104
99697285
99697624
99697739
99697842
99697856
99698147
99698227
99698287
99698337
99698346
99698355
99698469
99698529
99698885
99698975
99699135
99699295
99699322
99699347
99699631
99699711
99699917
99700031
99700211
99700274
99700331
99700421
99700480
99700521
99700624
99700713
99700932
99700967
99701038
99701061
99701175
99701285
99701507
99701700
99701759
99701851
99701889
99701944
99702088
99702130
99702234
99702274
99702402
99702534
99702540
99702689
99702714
99702779
99702836
99703011
99703034
99703222
99703300
99703630
99703832
99703971
99704395
99704424
99704434
99704471
99704539
99704714
99704715
99704982
99705044
99705236
99705327
99705455
99705715
99705795
99705809
99705830
99706025
99706034
99706104
99706172
99706223
99706357
99706369
99706478
99706497
99706537
99706573
99706685
99706713
99706811
99706849
99706870
99707399
99707494
99707551
99707600
99707602
99707798
99707873
99707934
99707961
99707966
99707972
99708136
99708241
99708318
99708385
99708445
99708478
99708508
99708585
99708710
99708773
99708991
99709194
99709398
99709468
99709651
99709697
99709901
99709929
99710117
99710170
99710189
99710299
99710464
99710533
99710839
99710942
99710958
99711085
99711178
99711214
99711346
99711481
99711486
99711647
99711678
99712006
99712101
99712224
99712287
99712495
99712583
99712747
99712772
99712813
99712934
99712983
99712989
99713006
99713052
99713117
99713175
99713538
99713679
99713747
99713762
99713808
99713842
99714067
99714192
99714200
99714341
99714580
99714601
99714652
99714718
99714740
99714869
99714930
99715033
99715112
99715438
99715582
99715855
99715858
99715879
99715961
99715994
99716036
99716146
99716262
99716545
99716574
99716608
99716783
99716806
99716809
99717121
99717128
99717229
99717231
99717284
99717298
99717304
99717338
99717405
99717410
99717486
99717549
99717755
99717822
99717855
99717871
99717903
99717926
99718048
99718060
99718089
99718144
99718160
99718174
99718273
99718396
99718593
99718610
99718719
99718740
99718840
99718942
99719051
99719110
99719189
99719284
99719293
99719298
99719324
99719338
99719349
99719370
99719376
99719423
99719432
99719540
99719592
99719597
99719666
99719674
99719684
99719693
99719711
99719771
99719780
99719831
99719835
99719844
99719848
99719862
99719864
99719873
99719884
99719893
99719894
99719899
99719902
99719904
99719928
99719961
99719979
99720000
99720016
99720054
99720071
99720175
99720189
99720199
99720202
99720222
99720233
99720238
99720265
99720298
99720301
99720330
99720332
99720335
99720340
99720346
99720348
99720357
99720359
99720361
99720372
99720385
99720388
99720389
99720427
99720428
99720449
99720456
99720458
99720464
99720471
99720492
99720506
99720524
99720525
99720529
99720531
99720537
99720544
99720547
99720552
99720564
99720570
99720582
99720585
99720591
99720599
99720626
99720636
99720637
99720653
99720687
99720700
99720705
99720713
99720714
99720727
99720753
99720767
99720785
99720786
99720791
99720818
99720827
99720834
99720846
99720850
99720868
99720882
99720887
99720904
99720909
99720915
99720932
99720941
99720944
99720945
99720956
99720963
99720974
99720993
99720999
99721004
99721013
99721029
99721048
99721062
99721083
99721089
99721092
99721114
99721119
99721143
99721166
99721183
99721201
99721202
99721213
99721226
99721228
99721229
99721240
99721241
99721244
99721250
99721256
99721262
99721298
99721304
99721320
99721326
99721337
99721339
99721345
99721346
99721352
99721359
99721361
99721362
99721368
99721372
99721375
99721377
99721381
99721383
99721389
99721399
99721406
99721409
99721422
99721428
99721433
99721456
99721457
99721458
99721471
99721472
99721475
99721503
99721515
99721523
99721537
99721540
99721551
99721554
99721563
99721578
99721586
99721587
99721613
99721618
99721628
99721640
99721653
99721660
99721669
99721678
99721685
99721688
99721695
99721699
99721706
99721710
99721719
99721720
99721740
99721742
99721745
99721746
99721748
99721752
99721762
99721778
99721791
99721814
99721839
99721843
99721844
99721851
99721852
99721854
99721867
99721885
99721895
99721897
99721899
99721900
99721910
99721924
99721930
99721932
99721948
99721949
99721950
99721952
99721956
99721961
99721962
99721964
99721987
99721989
99722002
99722013
99722017
99722018
99722019
99722027
99722028
99722029
99722030
99722031
99722035
99722042
99722045
99722050
99722052
99722053
99722056
99722066
99722068
99722071
99722073
99722074
99722078
99722081
99722083
99722090
99722094
99722099
99722103
99722106
99722108
99722115
99722118
99722123
99672977
99672980
99672991
99673272
99673620
99673624
99673634
99673653
99673671
99673672
99673734
99673796
99673885
99673899
99674009
99674172
99674222
99674243
99674281
99674317
99674415
99674576
99674614
99674635
99674711
99674779
99674791
99675004
99675142
99675306
99675361
99675366
99675379
99675444
99675464
99675615
99675784
99676033
99676091
99676278
99676342
99676404
99676419
99676482
99676504
99676522
99676601
99676638
99676674
99676708
99676709
99676888
99676900
99677112
99677146
99677254
99677352
99677477
99677485
99677635
99677794
99677961
99677994
99677998
99678010
99678039
99678048
99678084
99678097
99678279
99678308
99678443
99678666
99678723
99678806
99678887
99678892
99679044
99679062
99679226
99679228
99679245
99679343
99679401
99679466
99679572
99679596
99679797
99679811
99680032
99680089
99680183
99680253
99680301
99680366
99680459
99680487
99680521
99680539
99680823
99680890
99681226
99681441
99681508
99681574
99681581
99681650
99681662
99681719
99681754
99682092
99682112
99682135
99682150
99682331
99682516
99682622
99682642
99682762
99682926
99683025
99683033
99683134
99683253
99683324
99683357
99683714
99683802
99683874
99684037
99684105
99684181
99684201
99684207
99684355
99684358
99684853
99684872
99684878
99684948
99684954
99685100
99685122
99685136
99685255
99685257
99685577
99685599
99685613
99685957
99686003
99686367
99686437
99686562
99686617
99686759
99686863
99686950
99686954
99687053
99687300
99687340
99687388
99687513
99687693
99687784
99687800
99687809
99688045
99688082
99688147
99688282
99688407
99688522
99688645
99688657
99688797
99688802
99689269
99689391
