11023
1856114
2055507
2055554
8633840
8636481
8637429
98080984
98168664
98182385
98185737
98263758
98267327
98295077
98300626
98323004
98324185
98360084
98389802
98559114
98602094
98696845
98711223
98817177
98880190
99027461
99090386
99090891
99109751
99119868
99122607
99161651
99162308
99162405
99162513
99163050
99163070
99166773
99177082
99254669
99254672
99254771
99268176
99268187
99269520
99283527
99286447
99289091
99289094
99289099
99289105
99289107
99289108
99289111
99289114
99289279
99310007
99315039
99315076
99319617
99319740
99324504
99324505
99324507
99324509
99324510
99324511
99324518
99324520
99324524
99324527
99324528
99324529
99326827
99332011
99350806
99350809
99355362
99355388
99366270
99367781
99402114
99412591
99420683
99420944
99443379
99444607
99444608
99444612
99444616
99444617
99453457
99473993
99487136
99489415
99489419
99490369
99490374
99490380
99490382
99490386
99490389
99490391
99490394
99490398
99490400
99490430
99490433
99490439
99490442
99490444
99490447
99490450
99490457
99490462
99490464
99490466
99490467
99490469
99490473
99520727
99520768
99520773
99520784
99520799
99520804
99520808
99520813
99520817
99525982
99526047
99526049
99526058
99526072
99526078
99526099
99526105
99526115
99526118
99526146
99526153
99526156
99526159
99526161
99526551
99526568
99526580
99526586
99526629
99526636
99526645
99526650
99526871
99527724
99531567
99531692
99531694
99531696
99531701
99532978
99532979
99536263
99536448
99538119
99540269
99541045
99541047
99541049
99541067
99546531
99546533
99546638
99546709
99546710
99552412
99552418
99552419
99552421
99552426
99552431
99552435
99552438
99552440
99552443
99552448
99553545
99556679
99556683
99556684
99556685
99558149
99559892
99559899
99560866
99561256
99561258
99561260
99565220
99565895
99565899
99565901
99566093
99566101
99566103
99566104
99566106
99566108
99566109
99566112
99566113
99566117
99566121
99566124
99566127
99566128
99566129
99566205
99566368
99568957
99569112
99569220
99569329
99569331
99569333
99569770
99570526
99572076
99572077
99574000
99576419
99580042
99580095
99581182
99581677
99581685
99581687
99581690
99581691
99581693
99581695
99581696
99581701
99581704
99581781
99581862
99581864
99581866
99581869
99581872
99581874
99582858
99582873
99582874
99582875
99582879
99582881
99582883
99582885
99582887
99582891
99582896
99582898
99582902
99582908
99582972
99582976
99582977
99582980
99582983
99582985
99582986
99582987
99582988
99582989
99582990
99586003
99586506
99586510
99586513
99586556
99587418
99587420
99587425
99587429
99587433
99587441
99587448
99591210
99591211
99591212
99592204
99592207
99592208
99592209
99592224
99592227
99595320
99595346
99596164
99596920
99596923
99596926
99596929
99596932
99597675
99603592
99604869
99605156
99605159
99605162
99605165
99605166
99606589
99608672
99609622
99612260
99618162
99618166
99618168
99618170
99618172
99621128
99621558
99621566
99625133
99629842
99629847
99629850
99629920
99629925
99629926
99629929
99629935
99629939
99629941
99629943
99629947
99629950
99629953
99641914
99643298
99643303
99643306
99643307
99643313
99643316
99643478
99643682
99643684
99643728
99643786
99643799
99643801
99643803
99643807
99643809
99643811
99645068
99645070
99645075
99645076
99645078
99645081
99645082
99647350
99651997
99652000
99652001
99652003
99654727
99654730
99654734
99654735
99655123
99655558
99655559
99656066
99657551
99657845
99657847
99657848
99657849
99660588
99660591
99660593
99661038
99661039
99661040
99661041
99662044
99662052
99662055
99664592
99664593
99664594
99666983
99666984
99669124
99671375
99674907
99674912
99674914
99674919
99674924
99674930
99674932
99674936
99674942
99675063
99675065
99675071
99675075
99675076
99675084
99675088
99675093
99675312
99675313
99675315
99675316
99675331
99675333
99675334
99675335
99675337
99675338
99675341
99675475
99681831
99682156
99686060
99686421
99688079
99689405
99700091
99700092
99700093
99700095
99700096
99700100
99700146
99700510
99705249
99705465
99705472
99705479
99705483
99705486
99705487
99705493
99705496
99705497
99705501
99705603
99705606
99705607
99705609
99705611
99705614
99705622
99705623
99705624
99705625
99705627
99705703
99705704
99705707
99705710
99705712
99705716
99705717
99705719
99705721
99705724
99705979
99705981
99705985
99705988
99705991
99705995
99706000
99706545
99707424
99707426
99707428
99707431
99715143
99720264
99720273
99720279
99720283
99721400
99252582
98015178
3138722
98303619
99649228
99672039
99649588
99596559
99681532
99576344
99271861
98918528
99608939
99616708
99663923
99461980
99488563
99413013
99442693
99451374
99451376
99453101
99453479
99520413
99520428
99520429
99520431
99558025
99577733
99703539
99619196
98124934
99684876
99340315
99549929
99161796
99583480
99558067
99444112
99536226​
98857954
98014693
99494456
8303541
98150788
3131820
99620793
92022216
1311331
99669753
99128721
98784942
10434200
11716213
98040136
98053195
98057506
98093544
98123674
98128725
98150346
98150440
98181731
98215237
98219321
98244004
98258471
98262804
98267327
98283119
98301628
98306641
98309967
98321381
98323004
98324185
98336318
98385821
98557649
98667132
98751541
98918206
98954843
98978888
99025885
99027461
99066222
99066230
99066233
99119062
99135978
99170053
99195821
99264709
99268662
99285013
99287918
99313061
99338031
99347697
99347878
99353891
99362652
99362857
99363144
99366337
99366441
99366457
99374195
99379032
99399400
99404585
99423847
99435133
99436874
99473380
99520298
99530351
99531888
99531890
99538787
99538805
99540754
99540887
99549061
99549070
99559892
99559899
99569329
99569331
99569333
99569770
99572076
99572077
99576981
99580095
99580641
99580644
99580645
99584084
99584834
99589273
99591210
99591211
99591212
99595706
99597340
99597342
99599881
99600581
99602705
99602708
99602717
99605266
99605267
99605886
99606387
99608383
99609622
99610104
99615105
99615106
99616739
99619734
99620063
99629946
99631164
99632224
99632558
99634323
99638397
99643677
99643678
99643682
99643684
99646486
99646487
99646488
99648757
99648758
99649477
99649989
99650567
99651931
99651932
99651997
99652000
99652001
99652003
99654484
99657845
99657847
99657848
99657849
99659156
99660588
99660591
99660593
99662044
99662052
99662055
99670474
99674242
99675475
99677200
99677449
99679733
99679905
99679907
99681637
99681816
99681831
99697788
99697793
99697794
99697795
99705171
99705595
98093544
98095266
99375630
98320659
98834972
99191226
99265246
99408698
99411525
99414372
99519928
99548488
99561956
99564874
99572634
99573603
99575842
99584257
99585413
99586851
99588091
99593918
99594321
99596195
99602593
2584620
92638980
92686890
92743110
98014431
98041487
98212088
98282858
98314396
98362831
98373483
98389125
98399157
98659363
98698628
98826963
98883802
98916506
98921238
99044000
99138341
99144082
99169225
99191896
99202683
99290463
99291890
99305465
99309089
99309199
99392281
99400381
99434426
99450869
99466281
99473916
99477497
99480097
99485499
99487623
99515943
99518256
99520698
99535193
99556660
99565325
99566635
99569124
99582793
99594990
99610455
99610983
1310607
1310991
1312768
1312948
1313014
10208350
98011444
98013009
98053607
98135560
98157538
98157645
98158423
98182121
98187178
98187907
98247609
98247693
98265905
98267867
98278761
98302047
98302548
98303721
98307794
98322053
98351476
98382179
98383369
98387222
98537906
98604083
98607589
98661236
98685727
98699785
98707709
98708511
98710351
98727864
98836113
98837537
98855117
98855248
98876585
98877264
98899971
98914659
98914986
98915260
98941619
98955745
99026134
99036319
99068073
99068630
99097664
99109860
99124699
99124992
99134812
99135519
99137192
99151861
99172046
99175440
99253695
99264597
99293051
99295177
99298103
99298512
99300341
99308322
99316401
99316496
99333358
99334367
99339467
99340719
99340880
99342793
99345206
99351100
99358945
99359549
99364794
99366800
99368323
99373332
99381984
99382026
99383403
99383988
99385997
99386432
99386684
99390661
99398668
99406491
99421002
99422086
99422278
99423093
99423320
99424608
99433045
99440121
99445756
99448205
99449355
99451348
99451942
99459381
99459753
99469294
99480521
99480611
99485709
99494269
99494525
99517939
99519068
99520389
99522689
99525675
99528069
99533838
99565296
99568762
99569328
99571379
99572353
99573794
99588455
99590552
99594892
99595025
99596760
99600916
99605278
99610259
99617098
99618822
99629597
99637219
99639662
99645135
99646920
99674258
99675114
99697144
99697264
1885345
2014898
2568434
2678083
9583657
9641794
10171197
10354403
10434018
10477788
10522448
10569078
11708681
11717179
11739703
11808649
13005641
13057136
13060514
13135729
91008301
91015912
98011981
98014240
98016119
98016406
98016666
98016895
98024080
98033111
98034875
98048372
98053014
98053157
98053963
98065978
98066214
98066667
98067597
98068368
98068442
98074698
98074915
98084974
98091410
98091765
98093022
98094577
98095235
98095240
98120253
98124878
98125823
98126129
98126890
98128079
98131954
98132028
98132679
98133036
98133041
98133434
98134747
98134755
98141633
98150739
98153241
98153641
98154890
98155201
98158043
98159969
98160109
98160116
98168944
98169644
98169847
98170985
98170987
98170988
98170992
98173246
98174512
98179797
98180546
98182210
98183979
98186918
98203861
98205103
98208451
98209951
98210255
98211227
98214430
98214999
98215444
98221457
98240535
98244261
98244770
98246831
98248696
98248717
98248990
98250390
98251579
98254116
98255260
98255577
98255950
98256881
98257358
98259353
98259549
98261547
98263969
98265486
98266705
98267291
98269965
98270571
98274735
98274955
98279165
98283147
98289875
98291642
98292469
98294357
98294749
98295532
98296219
98297700
98298025
98298738
98302713
98303615
98307175
98307353
98313200
98313992
98314239
98314646
98314839
98315479
98316580
98316610
98316756
98318278
98321427
98322606
98340805
98343096
98359515
98360139
98362418
98372298
98372503
98372740
98373120
98381590
98385564
98385611
98386163
98386268
98386299
98387627
98388474
98389067
98389115
98390998
98392297
98394532
98399810
98400075
98400700
98401217
98403097
98540415
98557890
98563037
98564140
98564438
98564794
98565006
98565824
98595782
98601876
98605047
98638975
98639641
98640886
98640928
98649698
98655937
98658481
98659538
98661226
98661368
98667528
98667787
98668525
98676604
98700409
98700608
98702199
98702325
98702471
98702973
98703737
98710940
98711316
98711467
98718087
98720766
98723623
98728318
98729699
98730192
98730220
98748402
98749702
98750041
98750560
98751183
98784697
98790280
98808472
98809416
98826964
98827302
98827458
98827639
98827950
98828308
98830167
98831157
98831929
98834627
98835309
98837786
98858649
98859210
98870854
98870874
98874118
98879535
98887731
98891287
98891662
98891811
98891994
98892177
98892649
98893935
98894020
98897572
98897902
98898544
98900212
98900521
98901433
98901771
98914464
98915793
98916453
98917396
98918620
98919017
98920017
98921140
98921727
98922112
98929830
98940059
98940262
98943288
98943415
98943898
98944048
98946317
98947033
98955643
98955896
98972686
98973067
98997552
98998306
98998323
99000260
99000670
99000806
99004347
99014248
99021499
99023355
99024270
99026227
99027376
99050973
99061833
99063637
99063641
99063653
99064089
99068105
99069272
99069587
99070630
99070982
99091682
99094740
99095920
99097090
99097984
99098230
99098493
99106695
99106709
99107483
99108561
99115815
99121417
99121773
99122851
99123255
99123822
99123851
99125190
99125502
99125780
99125849
99128312
99128644
99131557
99133739
99134855
99135721
99137756
99146180
99162947
99166526
99168461
99169221
99169360
99169574
99170205
99171299
99172812
99174211
99174715
99175380
99175439
99176342
99177434
99177451
99177934
99182519
99183224
99184157
99184234
99190076
99192245
99192876
99193259
99193761
99194360
99194500
99196906
99197240
99197286
99197948
99198280
99201422
99202509
99228501
99229970
99232197
99242480
99242488
99243876
99243884
99244661
99251305
99252123
99253350
99253383
99253386
99253483
99253897
99255366
99256114
99258137
99258510
99263742
99266040
99268783
99268879
99270471
99270739
99270744
99272220
99276327
99282746
99286336
99287092
99288539
99290276
99291221
99291410
99294264
99294362
99294495
99294708
99295481
99295822
99296589
99299139
99302195
99302352
99303147
99304728
99308162
99310288
99311026
99314063
99316567
99317631
99317686
99319535
99319539
99323427
99324003
99324130
99324275
99324460
99327191
99333268
99333394
99334907
99336766
99336908
99336997
99339247
99339255
99339794
99339861
99340545
99340788
99342423
99346543
99347877
99348189
99350073
99351309
99351312
99351313
99351317
99351319
99352030
99354729
99355629
99356693
99357006
99357314
99357320
99357322
99357323
99357326
99357775
99357780
99359070
99359095
99359413
99360108
99360856
99361242
99362573
99362595
99363347
99365803
99366321
99367681
99367689
99367769
99369057
99369105
99369159
99370075
99370531
99370625
99370706
99371068
99371332
99371418
99372172
99372334
99373042
99373073
99373118
99374988
99376262
99376856
99377052
99377636
99383412
99385082
99387651
99387751
99390145
99390200
99391163
99391229
99392141
99393678
99396551
99396853
99396896
99400638
99402035
99404796
99405665
99407626
99408935
99409860
99410241
99410417
99411639
99415578
99415893
99415993
99416448
99417658
99423878
99424191
99424853
99425532
99430128
99431594
99433358
99433831
99434088
99436967
99437196
99438118
99438360
99441324
99441646
99442205
99442277
99442691
99442860
99443300
99443314
99443497
99444339
99445238
99446141
99448535
99452739
99453385
99454171
99454667
99454822
99455135
99455771
99456455
99457489
99458654
99458929
99459384
99459950
99459993
99460181
99460249
99462505
99463043
99463325
99464720
99465020
99465107
99465672
99465981
99466137
99466318
99468800
99469048
99469357
99469493
99469971
99470817
99471166
99473857
99474184
99476263
99476893
99477206
99477821
99481176
99481897
99486418
99487191
99487803
99488271
99488616
99491583
99492112
99492113
99493295
99494981
99495731
99502655
99514177
99514272
99514768
99515767
99516491
99517528
99521186
99524966
99525000
99526235
99526888
99527364
99529777
99531413
99533309
99534469
99536017
99539174
99539520
99539557
99540254
99540583
99541016
99541398
99542709
99542975
99543951
99544480
99544798
99545627
99546340
99547251
99550711
99550837
99550979
99553233
99553744
99554444
99555104
99557399
99557883
99558649
99558666
99559358
99559723
99559724
99559725
99559728
99561280
99561489
99563093
99564010
99564204
99565046
99565173
99568561
99568825
99572293
99575191
99575652
99579188
99580556
99581034
99582300
99582437
99584442
99584668
99584997
99587973
99589929
99591749
99592153
99593086
99593196
99593962
99594360
99594943
99598069
99599682
99600316
99600321
99600323
99600325
99600327
99600834
99601751
99602014
99603340
99604487
99604526
99604595
99605885
99606395
99607584
99607585
99607586
99607587
99607589
99607590
99609080
99610458
99611097
99612093
99612699
99612700
99612701
99612702
99612779
99613027
99614117
99614321
99614322
99614896
99615025
99616671
99617027
99617100
99618411
99618413
99618687
99618706
99618818
99619907
99619909
99619910
99619911
99619986
99620568
99622219
99628745
99628795
99629175
99629913
99630166
99630394
99630397
99630713
99634534
99634536
99636155
99636730
99637534
99638605
99639079
99639450
99639599
99639740
99640465
99641091
99642158
99642254
99643160
99644321
99644889
99646439
99648499
99649880
99650819
99650821
99653439
99653440
99655356
99658951
99658953
99658954
99658957
99659230
99659459
99659547
99659548
99659549
99659551
99659553
99661257
99662417
99663660
99670565
99673028
99674072
99675278
99678094
99678739
99679966
99680511
99680564
99681331
99681799
99681995
99682056
99682059
99683633
99684033
99684166
99684967
99685097
99685998
99686769
99686784
99686992
99687312
99687435
99687666
99687723
99687734
99687926
99688755
99689528
99696283
99698626
129998
2949915
3630151
4968944
7964071
8632308
12990798
13099278
91005701
91791260
92579790
98012316
98012567
98130724
98131681
98150068
98239594
98264777
9831611
98318477
98320449
98360983
98402574
98702074
98702443
98833241
99182580
99289992
99327723
99352155
99391311
99404336
99413590
99480000
99487158
99492383
99554974
99565040
99567549
99568911
99572583
99574610
99589255
99590121
99593443
99597915
99603624
99610363
99295486
98122371
98154645
98998415
98275597
98183540
99293873
98362202
98323296
99296353
99634601
99487803
98388474
98257975
98303615
98652644
11808649
99391497
99135282
99166526
99339861
99356693
99460181
98096305
99362407
98709124
98271989
98424725
98703430
98272910
98870419
98897016
98539902
98212099
99092719
98668010
98700907
98117395
98019399
99157437
99187271
98259871
98212088
99199859
99259164
98042596
99290337
98425588
99315713
98159788
98711786
99109048
99165341
99193365
99257504
99285323
99285789
99316556
98180891
98038077
98920678
99200988
99306366
8709785
98809143
98272188
99190440
99253024
99269256
99275884
99301347
99311377
99125554
99132586
99195321
99164264
99169809
99063515
98148528
99276158
98273878
99341482
99342380
99344686
99348943
99367447
99374941
99383103
99382967
99382828
99382686
99389295
99388587
99396406
99404622
99408573
99407422
99409553
99405496
99421762
99422407
99377520
99388293
99408428
99441270
99440122
99444723
99374191
99452995
99455133
99138341
99457582
99457273
99411895
99465870
99462465
99460359
99469337
99468572
99468824
99471106
99476234
99483020
99483103
98272904
99486532
99489786
99491035
99493777
99493167
99515535
99523349
99525169
99538871
99538833
99540086
99541801
99542013
99545125
99544304
99546278
99547623
99548090
99549571
99553187
99554408
99556289
99558431
99562552
98090588
98049169
99566635
99571484
99575134
99576044
99576259
99582474
99582793
99585535
99585430
99587210
99594574
99144082
99597990
99601644
99106420
99557514
99566241
92579790
7964071
99370630
11775278
98122371
98540905
98264777
98314796
98311183
98320449
98275597
98702443
99331330
98893913
99442157
98154645
98998415
99634601
99296353
98893751
98830246
98217131
98360983
99293873
98362202
8632308
98183540
98323296
98838390
98057682
11734451
98150068
98093012
98868605
99253133
11824668
99404336
99327723
99401216
99271264
99472048
99475764
99529288
99413237
99562768
99565040
99567549
99568958
99574610
99580567
99573786
99584501
99590973
99615977
99675834
99675842
99295486
99635800
99603624
99604411
99609345
174670
176351
105120
127744
8640
62952
126368
134182
64851
453668
147357
127819
95491
404641
6681
9711
242318
13842
135373
32164
136104
143997
214857
234852
296370
305696
310008
474828
352064
383983
375281
375369
380465
381261
416329
440004
444306
460038
85172
469520
471078
478310
482299
488750
490017
490630
493948
494776
495005
496246
496251
496923
496963
497488
497740
497924
498439
500321
501607
501711
502329
503049
503650
99649489
99649842
99672492
99676378
99681621
99683461
99696517
99697943
99704923
99706801
99710118
99711068
99711282
99712381
99712440
99712944
99713720
99714149
99714301
99716589
99717723
99717790
