13021679
98055856
98091975
98120855
98128558
98134160
98136820
98137802
98137844
98138562
98138729
98139561
98142754
98142811
98182150
98182238
98207917
98209998
98238305
98246239
98263214
98263316
98265752
98266319
98274596
98277094
98282616
98292156
98298927
98299931
98300278
98303087
98303692
98309612
98311439
98311512
98316224
98319292
98319863
98320005
98323203
98362917
98365145
98372636
98385221
98385494
98392213
98538262
98604832
98639515
98639807
98641373
98700678
98701039
98711891
98727349
98727613
98728856
98729783
98740459
98751571
98781422
98803175
98828169
98834583
98834750
98836479
98836785
98856280
98858419
98868716
98868754
98879309
98879449
98879563
98892350
98895836
98896100
98897531
98916747
98941691
98946844
98981088
98995753
99023386
99023566
99064778
99067904
99068792
99092258
99093645
99108221
99108359
99119078
99120712
99122425
99122839
99124098
99125770
99130300
99130403
99132080
99132528
99137122
99137800
99162984
99163505
99164023
99164634
99168311
99169584
99169682
99170264
99170871
99172143
99175434
99176123
99176494
99177257
99178634
99183496
99185256
99191757
99191853
99192385
99192573
99194025
99196745
99197367
99198055
99199095
99228288
99258404
99259011
99259022
99263978
99264988
99266984
99267584
99268722
99270621
99272136
99272465
99273239
99280416
99294744
99297473
99301667
99302032
99308931
99312609
99313840
99314068
99316124
99316833
99317543
99318561
99320304
99321667
99322431
99322730
99323662
99324964
99326996
99327286
99333608
99334625
99337730
99338247
99338465
99339550
99339902
99340706
99341174
99341691
99341858
99344156
99345107
99346360
99347952
99348908
99349626
99350233
99355076
99355837
99357521
99357599
99357834
99358899
99359322
99359747
99360636
99361692
99362545
99363933
99364182
99364784
99366386
99367663
99368436
99369332
99372480
99372654
99373107
99373298
99373310
99375177
99376582
99377387
99377648
99378893
99379766
99379920
99380684
99380822
99381811
99383042
99386752
99386861
99386917
99387160
99389374
99390574
99391553
99391799
99392791
99393922
99393955
99396204
99396892
99397625
99398300
99398695
99398811
99399043
99399744
99400051
99400363
99402508
99402720
99404095
99407208
99409508
99411129
99411749
99411775
99412364
99413205
99416210
99416849
99421465
99423407
99424316
99424470
99424563
99424932
99424948
99425084
99425525
99426696
99426830
99426981
99427093
99428505
99429804
99429949
99430014
99430735
99431535
99431619
99432576
99432597
99432645
99433221
99433519
99434187
99434348
99436331
99438093
99438148
99439090
99441702
99442493
99442660
99443316
99445368
99446766
99447311
99447937
99449717
99449788
99451844
99451946
99456656
99456994
99457996
99460141
99461013
99462038
99462635
99463075
99464238
99465891
99467635
99468247
99468931
99468988
99470753
99471377
99472127
99472415
99473518
99477245
99477552
99477913
99478287
99478584
99479275
99481915
99481960
99482653
99483445
99486111
99486421
99486854
99487669
99488895
99490019
99490292
99491236
99491416
99492992
99493996
99494137
99495017
99495763
99496192
99498928
99499983
99500033
99501039
99501342
99501600
99504136
99504248
99505411
99505759
99506850
99510740
99512744
99514487
99514765
99515184
99515246
99515607
99517057
99519277
99522196
99522359
99523126
99523887
99523948
99525942
99526820
99527025
99527672
99528112
99530549
99531797
99536002
99537007
99539223
99539473
99542129
99542689
99543077
99543515
99543986
99546154
99546621
99546688
99548239
99548242
99549521
99550165
99550508
99551640
99552761
99554228
99554596
99555487
99556858
99559028
99559170
99560647
99560890
99564564
99564621
99564865
99565111
99565941
99566792
99567594
99568681
99569078
99569530
99569604
99569629
99569641
99569682
99570758
99571370
99571810
99572082
99573963
99575485
99576221
99576282
99576490
99577254
99579785
99581081
99581489
99581748
99582701
99582797
99583891
99583911
99584168
99584628
99584855
99585567
99585649
99585734
99585879
99586005
99586037
99587002
99588409
99589039
99591112
99592438
99593189
99593331
99594959
99595165
99596844
99596939
99598274
99598368
99598660
99598879
99600789
99601301
99602485
99603038
99603828
99603831
99604171
99604733
99604902
99606429
99606845
99607480
99607718
99608255
99609520
99609578
99611304
99611511
99611940
99612059
99612804
99614367
99614849
99614981
99615517
99616162
99616237
99616295
99616399
99617272
99619588
99620020
99620238
99622542
99622997
99623249
99624303
99624769
99624770
99624771
99624773
99624775
99625355
99625828
99625954
99626291
99626405
99626668
99627173
99628593
99628763
99628821
99628847
99630460
99631147
99631794
99631991
99632095
99632289
99632336
99632562
99632794
99632933
99633696
99634929
99635218
99636114
99636180
99636231
99636370
99636892
99637868
99638308
99638321
99639243
99639585
99639723
99639870
99640870
99641018
99641344
99641792
99641970
99643564
99643665
99643844
99645525
99645950
99646032
99647022
99647475
99647838
99648620
99649039
99649187
99649353
99650066
99650173
99650219
99650874
99650997
99651362
99651364
99651365
99651367
99652186
99652187
99652188
99652189
99653192
99653193
99653194
99653195
99653196
99653458
99653611
99653612
99653613
99653614
99653615
99655484
99656355
99656439
99656660
99656850
99656919
99658125
99658252
99658294
99658654
99659108
99659117
99659337
99659589
99659590
99660455
99660483
99660719
99661276
99661386
99661453
99662425
99662428
99662480
99662532
99663082
99663412
99664806
99664861
99665259
99665514
99665703
99665942
99666548
99666982
99667476
99667477
99667478
99667479
99667480
99667899
99668080
99668133
99668205
99669538
99669726
99669727
99669728
99669729
99669730
99669864
99670464
99671391
99671683
99671817
99671885
99672247
99672382
99672673
99672674
99672675
99672676
99672677
99673289
99673381
99673382
99673383
99674040
99674683
99674871
99674973
99675203
99675638
99675675
99676088
99676507
99676655
99676656
99676657
99676658
99676660
99677202
99677287
99677299
99677690
99677949
99677971
99677980
99677981
99677982
99677984
99677985
99678717
99678863
99678864
99678865
99679214
99679264
99679310
99679364
99679595
99679609
99679610
99679611
99679612
99679613
99679795
99679796
99679984
99679985
99679986
99679987
99679988
99680284
99680624
99680726
99680929
99681142
99681197
99681400
99681407
99681916
99682096
99682098
99682099
99682100
99682382
99682427
99682641
99683223
99683224
99683225
99683226
99683227
99683560
99683570
99683689
99683809
99684094
99684510
99684694
99684701
99684799
99685524
99687074
99687285
99687414
99687682
99687881
99688012
99688665
99688666
99688912
99689002
99696042
99696044
99696045
99696046
99696049
99696542
99696585
99696694
99696935
99697363
99697396
99697412
99697450
99698896
99699049
99700267
99701125
99701129
99701132
99701133
99701134
99701164
99701581
99701860
99702409
99702468
99702669
99702752
99703064
99703065
99703066
99703682
99703685
99703738
99703739
99703740
99703741
99703742
99703813
99704420
99704826
99705267
99705388
99705401
99705402
99705403
99705404
99705405
99705722
99705771
99705772
99705773
99705996
99706216
99706401
99706626
99706717
99706808
99707111
99707196
99707421
99707464
99707479
99707617
99707823
99707864
99708038
99708176
99708222
99708330
99708368
99708374
99708408
99708571
99708822
99708837
99709023
99709193
99709209
99709210
99709425
99709442
99709812
99709963
99710589
99710753
99710756
99710758
99710761
99710762
99710763
99710791
99710948
99711099
99711191
99711204
99711205
99711206
99711207
99711209
99711211
99711234
99711631
99711737
99711890
99712076
99712297
99712361
99712476
99712774
99712931
99713058
99713066
99713119
99713148
99713149
99713162
99713163
99713190
99713363
99713529
99714027
99714044
99714167
99714213
99714253
99714430
99714435
99714438
99714534
99714581
99714583
99714605
99714654
99714802
99714891
99714936
99715027
99715069
99715195
99715354
99715531
99715562
99715579
99715876
99716216
99716480
99716648
99716651
99716721
99716889
99716902
99716903
99716904
99716908
99716909
99717057
99717111
99717150
99717244
99717289
99717408
99717447
99717460
99717462
99717463
99717464
99717521
99717561
99717596
99717613
99717624
99717782
99718270
99718274
99718426
99718558
99718580
99718598
99718625
99718638
99718969
99719029
99719099
99719133
99719169
99719276
99719378
99719436
99719821
99720052
99720275
99720447
99720450
99720832
99720855
99720960
99721056
99721385
99721438
99721485
99721562
99721679
99721835
99721873
99721902
99721957
99721973
99722116
99722472
99722478
99722893
99723005
99723121
99723172
99723238
99723261
99723444
99723537
99723568
99723603
99723629
99723765
99723782
99723950
99723954
99723980
99724084
99724121
99724201
99724252
99724296
99724371
99724389
99724392
99724393
99724394
99724395
99724495
99724573
99724646
99724786
99724913
99724950
99725254
99725289
99725337
99725357
99725627
99725736
99725863
99726043
99726050
99726065
99726066
99726104
99726256
99726356
99726685
99727152
99727409
99727531
99727534
99727804
99727922
99728036
99728038
99728064
99728080
99728100
11731340
13116032
13117258
98011305
98012112
98054547
98057140
98058642
98066034
98075023
98114555
98117885
98129997
98132244
98136893
98136988
98137797
98137825
98137916
98138158
98138493
98138660
98138897
98139171
98139374
98139602
98139658
98139718
98139725
98139885
98139976
98140083
98140385
98140398
98140423
98140548
98140652
98140676
98140685
98141608
98141620
98141689
98142051
98142067
98142124
98142432
98142503
98142676
98142697
98142894
98142937
98143000
98143014
98143331
98143510
98143568
98143768
98143902
98144006
98144088
98144325
98144467
98144832
98144843
98144905
98145331
98145365
98145415
98145487
98145624
98146174
98146258
98146508
98146569
98146966
98146970
98148698
98148733
98149871
98154562
98154698
98155642
98156818
98158885
98160106
98171264
98171794
98172627
98174679
98180061
98180789
98181220
98181806
98182326
98183583
98184545
98187125
98187528
98188002
98204661
98209744
98211584
98212679
98213262
98213771
98213780
98213832
98213872
98214935
98215497
98215631
98215636
98217247
98219656
98219778
98219888
98220022
98220287
98221344
98221448
98238334
98238818
98239557
98239752
98244935
98245493
98246283
98247136
98248911
98249023
98250271
98250277
98250408
98250566
98251237
98252406
98252474
98253537
98253725
98253940
98254324
98254428
98254545
98254595
98254812
98254993
98255434
98255573
98256425
98256905
98257158
98257721
98257741
98258246
98259114
98260127
98260428
98263050
98263296
98265672
98266187
98266792
98267018
98267379
98267698
98267759
98268503
98274990
98275119
98276513
98276599
98278251
98279074
98279562
98279829
98280807
98280835
98281300
98281349
98281760
98282186
98282312
98282450
98282789
98283164
98283533
98283692
98288882
98289356
98290676
98291677
98291712
98291737
98293287
98293389
98293658
98293921
98293929
98293937
98294420
98294461
98295132
98295290
98295301
98295604
98295624
98297819
98297952
98299328
98300614
98300930
98301038
98301103
98302018
98302224
98302387
98302446
98303139
98303264
98306527
98306555
98306758
98306915
98306924
98307405
98307704
98307926
98308013
98308121
98308339
98308812
98309001
98309361
98309945
98310205
98310351
98310468
98310529
98311234
98312399
98312482
98312488
98312880
98313009
98313115
98313328
98313663
98314237
98314278
98314400
98314716
98314912
98315096
98315275
98315288
98315339
98315409
98315940
98316130
98316273
98316670
98317721
98317744
98318516
98318637
98318810
98318995
98319047
98319367
98319506
98319749
98319871
98320071
98320884
98320891
98321012
98321202
98321770
98322644
98323098
98324395
98324419
98324624
98348789
98349097
98359117
98359267
98359384
98360437
98360652
98361048
98361175
98361309
98361852
98362765
98362913
98362942
98372749
98373061
98373062
98373108
98373157
98373211
98373359
98373445
98373520
98373647
98385276
98385581
98385759
98386131
98386979
98387074
98387320
98387542
98387653
98387664
98387892
98389152
98389780
98390397
98390945
98390947
98392518
98393453
98394015
98399143
98399164
98401752
98402415
98403882
98537603
98537772
98538299
98539092
98539129
98540690
98557646
98558467
98562393
98563313
98563395
98563777
98563907
98564037
98564455
98564995
98565508
98565856
98566317
98587676
98602625
98604140
98604508
98605308
98607375
98639047
98639479
98639486
98641531
98641562
98658282
98658347
98658529
98658545
98660315
98661018
98661758
98664548
98665393
98666001
98666662
98666936
98667331
98667446
98667647
98667747
98668625
98669172
98676116
98679394
98685613
98685721
98685970
98686124
98686174
98696268
98696916
98697176
98698640
98698677
98701319
98701374
98701873
98702222
98703520
98703526
98704301
98704560
98705117
98707407
98709798
98709810
98710175
98711108
98711206
98711473
98711749
98717515
98718186
98718388
98727787
98728858
98728859
98729316
98729442
98729698
98730314
98733657
98743725
98743854
98743871
98743942
98744123
98744533
98748292
98748471
98749631
98750034
98750177
98750282
98750369
98750552
98750708
98750811
98750884
98750894
98751030
98751670
98758625
98758893
98758894
98781191
98784792
98784848
98790091
98798752
98798987
98799173
98800171
98801035
98802147
98802857
98803223
98808204
98808217
98809474
98811698
98812565
98812685
98813120
98826576
98827507
98827786
98827795
98827878
98830791
98831220
98831624
98832150
98832473
98832504
98833343
98833403
98833724
98834166
98834251
98835009
98835314
98835873
98836148
98837083
98837144
98838362
98838517
98838847
98843178
98856367
98858257
98861646
98861869
98861876
98861922
98864339
98865247
98869374
98869630
98870497
98870605
98871541
98871837
98878930
98879049
98879069
98879354
98879964
98881109
98881120
98885415
98887666
98891161
98891347
98891372
98891819
98891908
98892006
98892255
98892265
98892590
98893384
98893403
98893476
98894193
98894512
98894676
98895181
98895653
98896461
98896604
98896808
98896893
98896957
98897006
98897238
98898537
98898952
98898991
98899350
98899705
98899772
98900242
98900504
98900898
98902077
98902229
98902238
98902247
98902256
98902832
98905605
98914199
98914676
98914715
98914799
98915333
98915949
98916284
98917020
98917059
98917135
98917216
98918107
98918681
98918769
98919206
98919528
98920878
98921088
98921281
98921383
98921491
98921967
98922334
98922409
98923507
98928295
98928487
98931729
98931741
98938872
98939274
98939330
98939346
98939494
98939831
98940912
98940933
98941067
98942284
98942918
98942925
98943199
98943763
98944290
98944851
98945399
98945546
98945626
98945809
98946035
98946444
98946502
98946528
98946834
98947092
98947436
98954732
98954886
98955194
98955270
98956022
98959702
98981413
98983501
98987573
98996741
98997230
98997472
98999402
99000232
99000323
99000592
99000595
99000970
99001067
99001876
99002947
99003050
99003322
99003867
99003946
99003965
99004797
99007957
99013095
99013206
99013617
99021160
99021399
99022911
99022986
99023056
99025070
99025241
99025479
99026492
99026845
99027030
99049128
99049851
99050355
99050611
99051007
99051329
99051349
99051908
99051932
99061341
99061483
99061768
99062795
99063476
99063773
99064268
99064286
99064534
99064577
99064656
99064758
99065046
99065348
99065390
99065830
99066277
99066839
99067024
99067318
99068303
99068369
99068764
99069469
99069957
99070379
99070607
99090492
99090522
99090539
99090708
99091585
99091814
99091925
99092181
99092548
99093594
99094002
99094995
99095209
99095244
99095523
99096186
99096549
99096642
99096789
99096852
99097415
99097813
99098406
99098414
99098541
99098794
99107041
99107052
99107235
99107586
99107898
99108361
99109203
99115935
99116119
99116178
99116185
99116269
99120710
99121418
99121424
99121632
99122098
99122704
99124158
99124215
99124240
99124845
99125102
99125390
99125667
99126147
99126329
99126552
99128352
99128420
99128434
99129164
99129314
99129632
99129731
99129782
99130185
99130299
99130606
99130658
99130843
99131840
99132257
99132668
99132753
99132756
99132886
99133041
99133468
99134032
99134509
99134705
99134997
99135106
99135240
99135294
99135672
99135739
99136570
99136593
99136817
99136894
99137094
99137230
99137430
99137431
99137539
99137704
99137960
99138079
99139678
99140148
99145853
99146161
99158019
99158063
99161576
99161610
99161699
99162174
99162500
99162662
99162732
99162753
99162808
99162895
99163034
99163102
99163196
99163511
99164016
99164308
99164874
99165083
99165168
99165264
99165945
99166443
99166821
99167027
99167302
99167517
99167589
99167659
99167748
99168859
99168986
99169005
99169171
99169377
99169420
99169864
99170332
99170349
99170790
99171001
99171582
99172054
99172483
99172987
99173155
99173332
99173341
99173537
99174099
99174306
99174578
99174889
99175416
99175593
99175627
99175700
99175715
99175747
99176533
99176680
99176685
99176760
99177235
99177264
99177999
99178115
99178311
99178826
99179128
99179303
99179487
99179750
99179837
99180914
99181363
99181439
99182082
99182396
99182903
99182949
99183781
99183884
99183957
99184170
99189654
99189912
99189955
99190000
99190078
99190206
99190952
99191080
99191084
99191532
99191649
99191764
99191990
99192448
99192570
99192574
99193109
99193112
99193165
99193340
99193911
99194184
99194189
99194581
99194747
99194975
99195449
99195462
99195486
99195650
99195780
99196042
99196260
99196330
99196575
99196668
99196888
99197959
99198332
99198532
99198614
99198657
99198734
99198796
99199130
99199361
99199374
99199562
99199607
99199921
99200073
99200082
99200330
99200885
99200890
99201280
99201351
99201611
99201676
99201723
99201858
99202364
99202469
99202767
99202785
99202892
99228368
99228831
99229511
99229795
99229886
99229921
99230004
99232344
99251228
99251260
99251583
99251650
99251722
99252169
99253073
99253256
99253260
99253450
99253871
99253883
99254117
99254329
99254343
99254365
99254397
99254777
99254970
99255110
99255325
99256172
99256291
99256424
99256541
99256551
99256735
99257040
99257123
99257157
99257176
99258101
99258594
99259200
99259321
99259341
99259409
99259458
99259699
99259736
99260085
99263762
99263944
99264015
99264340
99264924
99265140
99265376
99265582
99265846
99266014
99266107
99266193
99266207
99266581
99266620
99266891
99267024
99267056
99267245
99267389
99267503
99267518
99267887
99267904
99268334
99268403
99268964
99269153
99269203
99269233
99269410
99269765
99270063
99270074
99270299
99270345
99270475
99270512
99271131
99271340
99271590
99271787
99272052
99272400
99272598
99272889
99273746
99273784
99273790
99273892
99274146
99274199
99274695
99274798
99275098
99275143
99275240
99275243
99275265
99275762
99275773
99276205
99276322
99277090
99277335
99277349
99280422
99280480
99283985
99284106
99284601
99285232
99285464
99285543
99285777
99286115
99286543
99286641
99287843
99287870
99287930
99288224
99288239
99288332
99288378
99288445
99288527
99288578
99288822
99288866
99289168
99289217
99289290
99289371
99289658
99289821
99289890
99289975
99290022
99290179
99290207
99290229
99290313
99290503
99290518
99290691
99290898
99291071
99291190
99291218
99291338
99291349
99291544
99291838
99292223
99292313
99292625
99292671
99293187
99293309
99293375
99293437
99293725
99293885
99295017
99295073
99295470
99296044
99296521
99296789
99296812
99296935
99297002
99297441
99297520
99297595
99297613
99297721
99297769
99297852
99298101
99298267
99298384
99298515
99298689
99299044
99299080
99299453
99299866
99299982
99300146
99300308
99300375
99300494
99300599
99300984
99301122
99301311
99301325
99301955
99302179
99302249
99302318
99302458
99302563
99303236
99303272
99303482
99303563
99303713
99303728
99303746
99303946
99304258
99304283
99304475
99305026
99305097
99305123
99305287
99305289
99305434
99305444
99305495
99306016
99306231
99306320
99307035
99307202
99307246
99307302
99307414
99307475
99307496
99307541
99307584
99307887
99307892
99308070
99309063
99309566
99309624
99309782
99309975
99310122
99310153
99310220
99310233
99310275
99310317
99310603
99310684
99311107
99311800
99312062
99312310
99312318
99312347
99312554
99312573
99312633
99312650
99313115
99313427
99313620
99313655
99313861
99313976
99313980
99314900
99315027
99315071
99315239
99315484
99315544
99315751
99316157
99316299
99316387
99316557
99316645
99317140
99317992
99318446
99318494
99318683
99318741
99319050
99319244
99319271
99319307
99319685
99319694
99319698
99319706
99319712
99319809
99319919
99320399
99320430
99320468
99320592
99320601
99320628
99321049
99321170
99321379
99321398
99321428
99321484
99321496
99321833
99321899
99322157
99322268
99322613
99322981
99323038
99323106
99323237
99323299
99323395
99323400
99323510
99323686
99323861
99323922
99323931
99324062
99324218
99324477
99324585
99324650
99324711
99324742
99324756
99324781
99325016
99325437
99325784
99326075
99326268
99326577
99327023
99327040
99327071
99327112
99327388
99327435
99327505
99327534
99327562
99327710
99327804
99327967
99328332
99328353
99328384
99329059
99329442
99330152
99330341
99330358
99330493
99330511
99330570
99330757
99330822
99330962
99331089
99331559
99331654
99331897
99331905
99331973
99332158
99332239
99332801
99333164
99333466
99333530
99333624
99333651
99333730
99333732
99333750
99333865
99333992
99334215
99334401
99334680
99334733
99334749
99334760
99335228
99335262
99335635
99335649
99335761
99335818
99335929
99335930
99336130
99336324
99336789
99336816
99337111
99337284
99337490
99337710
99337757
99337777
99337781
99337793
99337816
99338229
99338370
99338709
99338730
99338816
99338987
99339187
99339203
99339217
99339366
99339384
99339385
99339613
99339692
99339740
99339852
99339874
99340073
99340122
99340254
99340420
99340560
99341121
99341138
99341156
99341210
99341216
99341350
99341762
99341890
99341939
99342025
99342068
99342223
99342570
99342615
99342629
99342698
99343280
99343345
99343635
99343677
99343716
99343719
99343795
99343900
99344026
99344171
99344277
99344296
99344327
99344457
99344522
99344604
99344639
99344652
99344662
99344819
99344836
99344913
99345069
99345087
99345116
99345255
99345293
99345360
99345452
99345502
99345617
99345635
99345811
99346007
99346034
99346064
99346087
99346122
99346146
99346162
99346333
99346492
99346898
99347008
99347070
99347258
99347290
99347981
99348188
99348201
99348304
99348536
99348771
99349166
99349444
99349493
99349549
99349582
99349599
99349937
99350027
99350079
99350323
99350331
99350415
99350425
99350488
99350532
99350535
99350821
99350950
99351003
99351112
99351186
99351247
99351296
99351339
99351378
99351426
99351706
99351714
99351835
99351935
99352205
99352508
99352510
99352613
99352630
99352674
99352845
99352852
99352950
99353220
99353280
99353283
99353630
99353955
99353985
99354044
99354125
99354186
99354221
99354238
99354298
99354375
99354651
99354692
99354726
99354804
99354855
99354865
99354926
99354984
99355068
99355349
99355400
99355545
99355670
99355753
99355943
99356183
99356420
99356481
99356689
99356980
99357370
99357509
99357516
99357518
99357778
99357789
99357796
99358073
99358151
99358270
99358325
99358535
99358676
99358811
99358883
99358924
99358960
99359033
99359168
99359299
99359419
99359608
99359640
99359665
99359855
99360028
99360529
99360668
99360718
99360828
99360841
99360904
99361033
99361154
99361167
99361265
99361372
99361485
99361516
99361737
99361743
99361774
99361795
99361851
99361990
99362008
99362124
99362363
99362464
99362718
99362744
99362860
99363014
99363374
99363382
99363519
99363925
99364043
99364058
99364065
99364189
99364321
99364371
99364556
99364725
99364757
99364889
99364932
99364972
99365086
99365201
99365246
99365336
99365360
99365419
99365426
99365547
99365639
99365681
99365723
99365929
99365991
99366012
99366024
99366041
99366290
99366342
99366367
99366368
99366525
99366612
99366651
99366852
99367029
99367321
99367345
99367413
99367454
99367464
99367558
99367596
99367733
99367973
99368199
99368375
99368401
99368776
99368881
99369107
99369261
99369282
99369290
99369306
99369349
99369356
99369439
99369700
99369717
99369798
99369817
99370023
99370231
99370549
99370573
99370674
99370699
99370926
99370928
99371091
99371201
99371233
99371352
99371671
99371687
99371919
99371977
99372438
99372451
99372525
99372571
99372594
99372656
99372668
99372785
99373099
99373146
99373154
99373181
99373336
99373442
99373472
99373474
99373585
99373683
99374049
99374211
99374245
99374250
99374263
99374341
99374412
99374612
99374839
99374862
99374924
99374974
99375076
99375149
99375220
99375490
99375493
99375674
99375687
99375815
99376024
99376052
99376098
99376350
99376415
99376556
99376559
99376563
99376739
99376809
99376810
99376812
99376813
99376815
99377159
99377193
99377303
99377370
99377562
99377753
99377843
99377853
99377865
99378003
99378100
99378183
99378257
99378298
99378310
99378347
99378440
99378553
99378609
99378790
99378879
99378898
99378992
99379223
99379248
99379361
99379389
99379662
99379751
99379762
99379793
99379826
99379912
99379930
99379948
99380407
99380439
99380705
99380719
99380729
99380814
99380999
99381072
99381174
99381198
99381211
99381230
99381252
99381279
99381365
99381509
99381613
99381617
99381632
99381671
99381790
99381886
99382086
99382166
99382363
99382381
99382447
99382547
99382603
99382623
99382647
99382688
99382870
99382876
99382947
99382984
99383104
99383138
99383361
99383509
99383585
99384473
99385988
99385989
99386338
99386705
99386731
99386943
99387199
99387445
99387485
99387564
99387588
99387704
99387970
99388369
99388400
99388501
99388507
99388512
99388619
99388660
99388725
99388749
99388972
99389105
99389110
99389237
99389251
99389270
99389301
99389358
99389370
99389437
99389497
99389574
99389657
99389682
99389685
99389856
99389926
99389933
99389940
99389954
99389982
99390183
99390225
99390227
99390406
99390609
99390631
99390699
99390759
99390840
99390954
99391291
99391324
99391369
99391376
99391490
99391515
99391755
99391766
99391813
99392148
99392157
99392295
99392306
99392352
99392507
99392508
99392730
99392915
99392953
99393080
99393184
99393394
99393436
99393585
99393588
99393591
99393749
99393761
99394034
99394106
99394125
99394222
99394232
99394322
99394339
99394438
99394645
99395136
99395417
99395439
99395763
99395782
99395785
99395804
99395842
99395862
99396086
99396088
99396144
99396366
99396791
99396920
99397002
99397132
99397615
99397760
99397929
99397987
99398030
99398285
99398306
99398432
99398497
99398512
99398808
99398888
99398951
99398962
99398995
99399517
99399597
99399602
99399648
99399688
99399729
99399877
99399912
99399923
99399944
99399957
99400017
99400107
99400118
99400148
99400306
99400317
99400449
99400600
99400976
99401056
99401160
99401165
99401236
99401239
99401244
99401262
99401308
99401378
99401841
99401992
99402021
99402166
99402178
99402179
99402258
99402303
99402312
99402481
99402547
99402666
99402771
99402797
99402879
99403032
99403109
99403121
99403149
99403178
99403234
99403423
99403620
99403627
99403659
99403687
99403695
99404070
99404190
99404220
99404594
99404685
99404788
99404790
99405162
99405318
99405376
99405559
99405685
99405755
99405930
99405932
99405992
99406203
99406309
99406351
99406363
99406381
99406408
99406495
99406520
99406611
99406666
99406799
99406902
99407036
99407086
99407122
99407189
99407190
99407201
99407254
99407561
99407636
99407653
99407714
99407863
99407922
99408025
99408248
99408349
99408374
99408391
99408454
99408470
99409392
99409416
99409480
99409568
99409722
99409774
99409873
99409883
99410055
99410208
99410255
99410339
99410356
99410532
99410562
99410605
99410647
99410741
99410761
99410792
99410799
99410810
99410833
99410862
99410883
99410912
99410975
99411000
99411049
99411141
99411149
99411216
99411268
99411347
99411389
99411450
99411859
99412081
99412258
99412370
99412385
99412423
99412515
99412713
99412736
99412860
99413074
99413160
99413186
99413378
99413407
99413471
99413509
99413640
99413649
99413653
99414103
99414214
99414403
99414409
99414492
99414532
99414899
99415235
99415259
99415277
99415313
99415545
99415558
99415622
99415625
99415819
99416001
99416183
99416203
99416211
99416231
99416270
99416460
99416515
99416722
99416753
99416763
99416775
99416782
99416783
99416878
99416982
99416987
99416990
99417120
99417201
99417485
99417678
99417679
99417811
99417947
99418100
99418120
99418126
99418159
99418326
99418338
99418441
99418548
99418553
99418654
99418737
99418764
99418839
99418897
99418991
99419005
99419182
99419220
99419384
99419779
99419862
99419910
99419929
99419997
99420010
99420244
99420375
99420399
99420400
99420446
99420514
99420616
99420636
99420706
99420730
99420823
99420947
99420959
99421244
99421315
99421355
99421359
99421379
99421416
99421422
99421587
99421593
99421767
99422035
99422211
99422249
99422383
99422474
99422557
99422741
99422812
99422823
99422883
99422994
99423041
99423122
99423208
99423255
99423273
99423342
99423352
99423353
99423375
99423439
99423443
99423457
99423633
99423647
99423747
99423880
99424095
99424118
99424221
99424233
99424273
99424339
99424494
99424638
99424653
99424803
99424926
99425013
99425062
99425077
99425113
99425218
99425224
99425228
99425278
99425559
99425730
99425744
99425775
99425975
99425997
99426034
99426128
99426167
99426201
99426335
99426447
99426530
99426578
99426593
99426669
99426874
99426876
99426888
99427006
99427013
99427017
99427021
99427142
99427232
99427246
99427663
99427733
99427877
99427880
99428022
99428331
99428397
99428403
99428414
99428466
99428488
99428504
99428510
99428532
99428541
99428768
99428866
99428895
99428916
99428987
99429105
99429185
99429310
99429337
99429402
99429594
99429988
99430011
99430085
99430149
99430274
99430416
99430596
99430774
99430798
99430895
99430996
99431434
99431465
99431518
99431662
99431948
99431950
99431963
99432016
99432193
99432198
99432205
99432279
99432280
99432391
99432478
99432500
99432512
99432517
99432732
99432857
99432898
99433120
99433176
99433191
99433248
99433260
99433315
99433556
99433573
99433616
99433715
99433795
99433819
99433928
99433946
99434037
99434052
99434058
99434094
99434230
99434289
99434449
99434509
99434542
99434550
99434625
99434626
99434834
99434844
99434954
99434990
99435048
99435050
99435131
99435149
99435331
99435544
99435598
99435706
99435753
99435927
99436023
99436117
99436245
99436256
99436379
99436400
99436525
99436719
99436897
99436929
99437154
99437208
99437417
99437446
99437497
99437515
99437576
99437592
99437593
99437706
99437748
99437750
99437828
99437914
99437948
99437978
99438001
99438190
99438346
99438359
99438378
99438409
99438457
99438493
99438618
99438637
99438764
99438775
99438906
99438918
99438954
99438983
99439055
99439074
99439075
99439081
99439179
99439192
99439220
99439259
99439282
99439284
99439361
99439378
99439409
99439526
99439702
99439738
99439791
99439885
99439928
99439950
99440049
99440115
99440130
99440227
99440335
99440364
99440458
99440503
99440526
99440599
99440624
99440643
99440745
99440914
99440915
99440962
99440963
99440965
99441027
99441043
99441078
99441103
99441109
99441141
99441165
99441234
99441238
99441380
99441436
99441496
99441551
99441569
99441582
99441610
99441669
99441754
99441794
99441893
99441923
99441989
99442064
99442081
99442138
99442194
99442252
99442304
99442327
99442343
99442387
99442492
99442590
99442598
99442618
99442636
99442650
99442722
99442753
99442762
99442763
99442764
99442794
99442813
99442943
99442979
99442983
99442995
99443034
99443118
99443147
99443217
99443278
99443329
99443357
99443436
99443492
99443516
99443532
99443540
99443679
99443732
99443787
99443789
99443832
99443901
99443976
99444015
99444024
99444029
99444074
99444088
99444096
99444141
99444145
99444152
99444155
99444162
99444174
99444362
99444560
99444634
99444663
99444820
99444851
99444913
99445005
99445031
99445040
99445086
99445182
99445214
99445235
99445276
99445334
99445365
99445381
99445404
99445421
99445451
99445478
99445479
99445488
99445544
99445561
99445562
99445719
99445757
99445980
99445989
99446009
99446013
99446014
99446116
99446140
99446151
99446323
99446337
99446369
99446460
99446462
99446466
99446503
99446593
99446740
99446811
99446977
99446987
99447057
99447098
99447124
99447183
99447255
99447354
99447452
99447480
99447527
99447533
99447645
99447673
99447948
99447964
99448012
99448100
99448107
99448109
99448229
99448374
99448733
99448818
99448960
99448962
99448993
99449053
99449236
99449319
99449342
99449389
99449423
99449444
99449461
99449486
99449502
99449543
99449648
99449709
99449798
99449818
99449835
99450207
99450414
99450417
99450422
99450425
99450432
99450461
99450473
99450545
99450617
99450660
99450761
99450771
99450824
99450887
99450903
99451000
99451008
99451065
99451128
99451141
99451178
99451233
99451234
99451242
99451271
99451272
99451290
99451428
99451430
99451460
99451477
99451601
99451604
99451708
99451741
99451823
99451910
99451923
99451992
99452179
99452189
99452202
99452230
99452287
99452324
99452546
99452560
99452573
99452638
99452700
99452723
99453021
99453056
99453104
99453149
99453232
99453281
99453302
99453327
99453516
99453547
99453610
99453660
99453766
99453947
99453964
99454251
99454287
99454317
99454325
99454343
99454444
99454505
99454512
99454569
99454583
99454586
99454646
99454749
99454895
99454921
99454997
99455004
99455045
99455085
99455087
99455104
99455122
99455300
99455399
99455406
99455459
99455519
99455561
99455744
99455780
99455882
99455901
99455989
99455990
99456005
99456055
99456058
99456100
99456128
99456215
99456269
99456293
99456306
99456373
99456387
99456516
99456539
99456614
99456626
99456661
99456676
99456756
99456767
99456799
99456926
99456949
99456963
99457078
99457149
99457171
99457215
99457267
99457345
99457362
99457390
99457539
99457605
99457665
99457778
99457833
99457865
99457927
99458016
99458113
99458114
99458179
99458233
99458304
99458370
99458480
99458522
99458626
99458635
99458806
99458905
99458934
99458995
99459164
99459179
99459199
99459430
99459634
99459967
99460020
99460235
99460265
99460361
99460438
99460470
99460474
99460541
99460548
99460558
99460564
99460581
99460584
99460617
99460662
99460685
99460693
99460713
99460715
99460727
99460737
99460814
99460831
99460856
99460898
99461083
99461092
99461249
99461281
99461327
99461422
99461450
99461535
99461543
99461551
99461780
99461817
99461850
99461876
99461907
99461916
99461937
99461940
99461989
99462043
99462070
99462135
99462205
99462215
99462221
99462339
99462344
99462384
99462389
99462473
99462492
99462541
99462778
99462789
99462861
99462873
99462946
99463054
99463066
99463153
99463241
99463359
99463374
99463382
99463404
99463436
99463541
99463602
99463867
99463883
99463950
99464021
99464023
99464151
99464230
99464233
99464377
99464418
99464545
99464557
99464567
99464662
99465039
99465099
99465123
99465130
99465202
99465248
99465258
99465304
99465323
99465331
99465340
99465361
99465362
99465370
99465406
99465638
99465641
99465797
99466042
99466132
99466153
99466168
99466182
99466215
99466276
99466346
99466349
99467091
99467093
99467152
99467239
99467256
99467274
99467343
99467462
99467494
99467523
99467564
99467573
99467581
99467606
99467619
99467662
99467678
99467697
99467723
99467794
99467859
99467874
99467898
99468109
99468112
99468116
99468120
99468139
99468145
99468202
99468240
99468244
99468265
99468291
99468327
99468344
99468457
99468470
99468627
99468635
99468734
99468807
99468839
99468864
99468896
99468946
99468982
99469014
99469024
99469040
99469104
99469244
99469316
99469323
99469334
99469340
99469420
99469535
99469580
99469604
99469605
99469615
99469639
99469680
99469728
99469749
99469816
99469829
99469858
99469860
99469875
99470047
99470090
99470139
99470190
99470313
99470458
99470469
99470561
99470574
99470603
99470609
99470730
99470762
99470803
99470847
99470900
99470948
99470957
99470969
99470979
99471054
99471067
99471086
99471142
99471188
99471226
99471241
99471359
99471390
99471414
99471424
99471481
99471574
99471590
99471761
99471798
99471811
99471898
99471922
99471928
99471957
99471964
99471973
99471978
99472050
99472146
99472148
99472236
99472243
99472290
99472335
99472444
99472493
99472501
99472513
99472571
99472593
99472618
99472649
99472711
99472717
99472744
99472746
99472749
99472768
99472774
99472805
99472832
99472852
99472876
99472970
99473043
99473068
99473085
99473188
99473211
99473255
99473258
99473272
99473293
99473357
99473363
99473368
99473465
99473565
99473652
99473669
99473710
99473734
99473767
99473782
99473803
99473850
99473851
99473864
99473868
99473888
99473985
99474044
99474103
99474107
99474139
99474148
99474152
99474169
99474207
99474280
99474292
99474298
99474382
99474454
99474475
99474518
99474531
99474613
99474614
99474654
99474688
99474695
99474723
99474737
99474771
99474789
99474818
99474903
99474996
99475030
99475088
99475155
99475170
99475207
99475217
99475235
99475244
99475257
99475293
99475330
99475347
99475357
99475359
99475363
99475396
99475409
99475444
99475471
99475510
99475523
99475532
99475579
99475584
99475618
99475677
99475680
99475697
99475747
99475853
99475974
99476025
99476056
99476057
99476113
99476220
99476232
99476271
99476277
99476346
99476354
99476418
99476434
99476461
99476463
99476477
99476482
99476483
99476487
99476490
99476491
99476509
99476607
99476634
99476673
99476725
99476770
99476776
99476784
99476833
99476834
99476852
99476870
99476872
99476948
99477088
99477106
99477118
99477130
99477153
99477162
99477364
99477382
99477389
99477406
99477413
99477422
99477434
99477460
99477508
99477553
99477590
99477670
99477671
99477727
99477852
99477884
99477887
99477901
99477923
99478102
99478107
99478128
99478141
99478245
99478247
99478248
99478339
99478404
99478418
99478419
99478519
99478549
99478557
99478610
99478684
99478705
99478714
99478719
99478777
99478782
99478798
99478852
99478987
99479042
99479128
99479148
99479194
99479195
99479232
99479245
99479300
99479447
99479505
99479727
99479791
99479808
99479852
99479897
99479921
99480042
99480043
99480249
99480325
99480329
99480347
99480432
99480441
99480512
99480535
99480567
99480587
99480603
99480659
99480731
99480801
99480813
99480816
99480924
99480953
99481023
99481031
99481116
99481150
99481152
99481296
99481382
99481413
99481518
99481549
99481684
99481690
99481738
99481762
99481766
99481789
99481850
99481867
99481944
99481947
99481963
99482030
99482058
99482067
99482098
99482156
99482179
99482224
99482242
99482330
99482332
99482334
99482338
99482342
99482344
99482358
99482380
99482540
99482567
99482661
99482681
99482688
99482701
99482710
99482724
99482866
99482870
99482901
99482902
99482912
99482944
99483108
99483118
99483388
99483418
99483434
99483531
99483561
99483612
99483771
99483790
99483841
99483866
99483888
99483931
99484026
99484030
99484081
99484128
99484155
99484162
99484207
99484253
99484257
99484293
99484319
99484342
99484352
99484384
99484547
99484578
99484604
99484648
99484650
99484685
99484745
99484755
99484756
99484797
99484864
99484966
99484972
99485003
99485150
99485212
99485331
99485414
99485418
99485421
99485423
99485425
99485430
99485432
99485433
99485449
99485453
99485454
99485500
99485526
99485809
99485841
99485856
99485883
99485937
99485962
99486001
99486003
99486034
99486038
99486053
99486054
99486149
99486150
99486165
99486193
99486206
99486261
99486310
99486317
99486318
99486329
99486441
99486520
99486554
99486571
99486639
99486675
99486760
99486765
99486787
99486811
99486817
99486828
99486846
99486891
99486901
99486924
99486933
99486938
99486960
99486971
99486994
99487003
99487043
99487068
99487073
99487208
99487262
99487275
99487277
99487326
99487330
99487350
99487379
99487408
99487430
99487524
99487554
99487558
99487624
99487647
99487648
99487672
99487675
99487729
99487747
99487752
99487759
99487761
99487783
99487802
99487838
99487866
99487920
99487941
99487985
99487992
99488010
99488133
99488144
99488146
99488175
99488292
99488332
99488407
99488463
99488484
99488644
99488646
99488658
99488682
99488762
99488790
99488807
99488881
99488914
99489046
99489086
99489145
99489154
99489183
99489251
99489309
99489457
99489468
99489490
99489594
99489702
99489747
99489774
99489908
99489976
99490006
99490009
99490042
99490094
99490142
99490170
99490199
99490290
99490324
99490461
99490481
99490482
99490572
99490664
99490895
99490899
99490982
99490995
99491013
99491049
99491135
99491274
99491293
99491325
99491363
99491387
99491389
99491578
99491642
99491662
99491715
99491829
99491871
99491881
99491895
99491933
99491943
99491953
99492002
99492027
99492083
99492108
99492111
99492176
99492264
99492297
99492370
99492659
99492667
99492716
99492756
99492776
99492796
99492810
99492833
99492856
99492873
99492880
99492892
99492987
99493043
99493107
99493117
99493235
99493286
99493309
99493355
99493436
99493553
99493574
99493583
99493584
99493607
99493700
99493818
99493825
99493833
99493855
99493937
99493945
99493951
99494074
99494130
99494218
99494234
99494242
99494273
99494284
99494311
99494448
99494479
99494519
99494541
99494629
99494776
99494791
99494893
99494945
99494964
99495020
99495043
99495047
99495095
99495129
99495175
99495198
99495336
99495348
99495430
99495483
99495547
99495585
99495623
99495649
99495710
99495769
99495816
99495829
99495870
99495885
99495901
99495908
99499764
99495927
99496240
99496378
99496605
99496702
99496711
99496830
99496840
99496851
99496872
99497038
99497170
99497190
99497453
99497476
99497545
99497724
99497866
99497887
99497892
99498721
99498997
99499129
99499182
99499204
99499426
99499777
99499810
99500059
99500310
99500322
99500467
99500469
99500523
99500913
99501259
99501293
99501468
99501480
99501586
99501805
99501821
99501891
99502192
99502494
99502518
99502591
99502612
99502890
99503319
99503667
99503821
99503877
99504114
99504182
99504233
99504247
99504289
99504292
99504492
99505054
99505291
99505462
99505566
99505603
99505738
99505787
99505794
99506329
99506480
99506488
99506622
99506712
99506770
99506955
99506967
99507224
99507258
99507287
99507710
99508306
99508674
99510591
99510653
99511009
99511149
99511831
99511842
99511994
99512331
99512417
99512439
99512666
99513047
99513085
99513567
99513569
99513582
99513588
99513700
99513735
99513772
99513797
99513845
99513893
99513917
99513922
99514066
99514067
99514077
99514112
99514126
99514135
99514161
99514171
99514226
99514248
99514275
99514309
99514317
99514345
99514393
99514479
99514504
99514513
99514558
99514567
99514627
99514770
99514859
99514950
99514978
99515060
99515067
99515128
99515139
99515149
99515151
99515195
99515197
99515205
99515240
99515261
99515366
99515444
99515561
99515608
99515613
99515644
99515750
99515771
99515856
99515981
99515994
99516232
99516298
99516474
99516653
99516676
99516752
99516756
99516758
99516784
99516854
99516877
99516937
99516972
99517100
99517348
99517410
99517432
99517619
99517642
99517648
99517668
99517684
99517697
99517704
99517706
99517740
99517846
99517855
99517870
99517969
99517993
99518012
99518050
99518118
99518279
99518283
99518336
99518343
99518365
99518533
99518562
99518773
99518851
99518853
99518875
99518914
99518928
99518974
99519015
99519033
99519046
99519094
99519098
99519147
99519150
99519236
99519286
99519337
99519349
99519350
99519362
99519397
99519398
99519402
99519434
99519438
99519460
99519482
99519495
99519523
99519553
99519568
99519578
99519581
99519608
99519619
99519665
99519682
99519704
99519708
99519722
99519830
99519842
99519844
99519913
99519993
99520023
99520038
99520040
99520268
99520279
99520438
99520466
99520480
99520509
99520573
99520581
99520583
99520624
99520639
99520701
99520781
99520788
99520870
99520874
99520902
99520917
99520925
99520992
99520993
99521060
99521084
99521097
99521120
99521224
99521228
99521248
99521324
99521343
99521361
99521513
99521545
99521556
99521586
99521660
99521662
99521668
99521759
99521772
99521800
99521905
99521924
99522058
99522062
99522130
99522135
99522193
99522226
99522237
99522394
99522485
99522552
99522590
99522665
99522691
99522696
99522734
99522791
99522912
99522934
99522981
99523043
99523064
99523066
99523112
99523117
99523151
99523153
99523175
99523218
99523374
99523376
99523394
99523400
99523456
99523496
99523558
99523566
99523672
99523689
99523690
99523707
99523715
99523743
99523758
99523778
99523780
99523784
99523829
99523850
99523894
99523902
99523953
99523958
99523983
99523986
99524023
99524067
99524075
99524106
99524119
99524272
99524285
99524360
99524422
99524465
99524543
99524577
99524628
99524699
99524741
99524744
99524826
99524872
99524879
99524885
99524912
99524915
99524940
99524948
99524991
99525002
99525053
99525074
99525128
99525138
99525249
99525290
99525296
99525410
99525440
99525519
99525578
99525588
99525618
99525623
99525676
99525758
99525767
99525772
99525799
99525813
99525906
99525960
99526024
99526088
99526125
99526193
99526225
99526287
99526303
99526305
99526328
99526403
99526584
99526620
99526688
99526700
99526796
99526858
99526897
99526918
99526940
99526951
99526975
99526983
99526996
99527009
99527023
99527030
99527056
99527066
99527102
99527170
99527198
99527199
99527238
99527289
99527298
99527337
99527387
99527489
99527492
99527527
99527534
99527606
99527610
99527611
99527614
99527618
99527621
99527705
99527734
99527749
99527861
99527862
99528210
99528242
99528249
99528317
99528433
99528460
99528492
99528514
99528531
99528618
99528631
99528727
99528752
99528809
99528815
99529027
99529037
99529059
99529067
99529080
99529121
99529124
99529208
99529248
99529300
99529420
99529547
99529604
99529715
99529763
99529766
99529808
99529811
99529835
99529861
99529881
99529889
99529908
99529924
99529928
99529942
99530048
99530094
99530119
99530161
99530224
99530247
99530273
99530276
99530281
99530290
99530309
99530315
99530316
99530346
99530430
99530438
99530512
99530569
99530692
99530708
99530759
99530787
99530927
99531173
99531203
99531204
99531254
99531322
99531323
99531325
99531327
99531328
99531329
99531332
99531372
99531541
99531555
99531638
99531659
99531686
99531702
99531710
99531846
99531851
99531879
99531919
99531922
99531940
99531955
99531969
99531986
99532183
99532266
99532345
99532384
99532441
99532461
99532492
99532597
99532646
99532675
99532701
99532713
99532720
99532742
99532765
99532802
99532911
99532913
99532945
99533069
99533103
99533200
99533436
99533443
99533446
99533488
99533537
99533550
99533556
99533576
99533604
99533673
99533676
99533682
99533730
99533739
99533873
99533930
99533931
99533933
99533956
99533983
99534120
99534163
99534186
99534239
99534265
99534267
99534286
99534292
99534344
99534356
99534363
99534365
99534410
99534440
99534558
99534577
99534584
99534622
99534660
99534711
99534771
99534776
99534794
99534808
99534912
99534974
99535157
99535169
99535172
99535259
99535281
99535290
99535292
99535330
99535362
99535369
99535370
99535417
99535428
99535590
99535637
99535749
99535846
99535887
99535895
99535950
99535960
99535975
99535981
99536046
99536071
99536088
99536187
99536199
99536244
99536281
99536335
99536373
99536438
99536470
99536565
99536566
99536574
99536623
99536675
99536729
99536730
99536766
99536775
99536785
99536816
99536857
99536966
99537025
99537054
99537189
99537219
99537233
99537297
99537310
99537313
99537434
99537471
99537488
99537660
99537739
99537756
99537785
99537805
99537817
99537961
99538046
99538148
99538156
99538177
99538178
99538203
99538208
99538215
99538257
99538263
99538320
99538544
99538569
99538638
99538696
99538718
99538731
99538773
99538856
99538908
99538917
99538945
99539011
99539036
99539088
99539144
99539184
99539261
99539283
99539337
99539395
99539414
99539481
99539482
99539541
99539547
99539586
99539608
99540160
99540241
99540255
99540294
99540467
99540480
99540520
99540630
99540643
99540698
99540707
99540745
99540746
99540828
99540846
99540936
99540940
99540953
99541003
99541091
99541100
99541140
99541144
99541157
99541165
99541305
99541310
99541347
99541373
99541375
99541394
99541423
99541439
99541442
99541547
99541685
99541693
99541695
99541706
99541708
99541722
99541742
99541772
99541784
99541809
99541845
99541850
99541898
99541971
99542017
99542074
99542127
99542165
99542309
99542337
99542450
99542506
99542544
99542571
99542631
99542653
99542667
99542669
99542691
99542723
99542745
99542818
99542891
99542904
99542908
99543027
99543132
99543137
99543206
99543212
99543223
99543246
99543356
99543461
99543500
99543528
99543600
99543672
99543733
99543755
99543793
99543825
99543933
99544022
99544045
99544168
99544192
99544197
99544243
99544291
99544353
99544362
99544377
99544379
99544385
99544388
99544399
99544425
99544451
99544535
99544565
99544604
99544628
99544641
99544696
99544725
99544733
99544736
99544737
99544758
99544831
99544835
99544865
99544879
99544918
99544960
99545006
99545008
99545051
99545070
99545076
99545092
99545134
99545139
99545198
99545206
99545237
99545244
99545247
99545352
99545485
99545493
99545494
99545538
99545556
99545571
99545576
99545578
99545700
99545733
99545741
99545777
99545800
99545857
99545891
99545947
99545949
99545975
99546010
99546018
99546031
99546079
99546243
99546248
99546268
99546271
99546274
99546293
99546395
99546490
99546606
99546619
99546633
99546677
99546734
99546744
99546871
99546945
99546965
99546984
99546990
99547000
99547027
99547056
99547109
99547121
99547128
99547140
99547143
99547145
99547194
99547244
99547247
99547253
99547265
99547294
99547326
99547330
99547353
99547354
99547373
99547394
99547430
99547469
99547492
99547512
99547516
99547548
99547695
99547736
99547762
99547771
99547787
99547790
99547811
99547826
99547857
99547890
99547892
99547895
99547896
99547897
99547899
99547901
99547911
99548043
99548051
99548163
99548197
99548202
99548214
99548237
99548265
99548276
99548290
99548311
99548406
99548431
99548445
99548447
99548461
99548464
99548514
99548528
99548553
99548584
99548602
99548665
99548666
99548708
99548723
99548750
99548779
99548833
99548841
99548929
99548930
99548956
99549046
99549067
99549104
99549140
99549146
99549234
99549275
99549299
99549300
99549636
99549693
99549715
99549781
99549834
99549881
99549882
99549893
99549942
99549961
99549963
99550005
99550043
99550058
99550097
99550186
99550255
99550281
99550309
99550340
99550350
99550436
99550447
99550476
99550489
99550515
99550740
99550780
99550852
99550856
99550858
99550900
99550910
99550960
99551033
99551079
99551108
99551129
99551154
99551323
99551332
99551451
99551461
99551486
99551526
99551546
99551557
99551562
99551617
99551677
99551697
99551707
99551708
99551723
99551800
99551833
99551896
99551939
99551966
99551978
99552013
99552036
99552167
99552226
99552239
99552265
99552359
99552446
99552447
99552485
99552528
99552534
99552551
99552555
99552583
99552684
99552688
99552708
99552739
99552777
99552783
99553011
99553065
99553069
99553073
99553102
99553117
99553181
99553217
99553266
99553359
99553368
99553383
99553386
99553419
99553509
99553519
99553539
99553603
99553620
99553630
99553799
99553805
99553826
99553867
99554015
99554191
99554212
99554218
99554237
99554334
99554365
99554427
99554432
99554439
99554487
99554506
99554631
99554677
99554686
99554702
99554710
99554726
99554784
99554934
99555053
99555138
99555181
99555202
99555272
99555309
99555330
99555361
99555471
99555568
99555572
99555609
99555685
99555838
99555878
99555888
99555896
99555916
99555959
99556042
99556385
99556394
99556551
99556582
99556670
99556747
99556756
99556964
99557036
99557077
99557088
99557155
99557266
99557279
99557285
99557291
99557333
99557356
99557368
99557379
99557470
99557482
99557491
99557512
99557522
99557552
99557588
99557653
99557694
99557737
99557760
99557774
99557779
99557835
99557840
99557879
99557974
99557989
99558041
99558051
99558078
99558154
99558173
99558236
99558279
99558339
99558395
99558400
99558534
99558543
99558593
99558595
99558600
99558659
99558756
99558814
99558851
99558911
99559007
99559055
99559269
99559435
99559471
99559481
99559498
99559553
99559734
99559760
99559761
99559803
99559882
99559915
99560006
99560097
99560106
99560244
99560252
99560306
99560317
99560343
99560462
99560542
99560585
99560598
99560622
99560630
99560732
99560831
99560883
99560997
99561046
99561169
99561192
99561242
99561255
99561301
99561320
99561359
99561390
99561407
99561418
99561433
99561499
99561547
99561549
99561652
99561760
99561818
99561866
99561932
99561976
99562083
99562097
99562202
99562228
99562244
99562277
99562324
99562406
99562407
99562408
99562411
99562412
99562440
99562543
99562557
99562561
99562803
99562868
99562903
99562938
99563037
99563166
99563178
99563226
99563231
99563237
99563241
99563293
99563296
99563329
99563373
99563414
99563508
99563521
99563609
99563640
99563693
99563720
99563890
99563920
99563951
99563962
99563977
99563986
99564043
99564084
99564111
99564135
99564138
99564151
99564156
99564176
99564400
99564531
99564536
99564553
99564568
99564580
99564677
99564706
99564800
99564836
99564845
99564849
99564904
99564935
99564973
99565039
99565076
99565161
99565170
99565255
99565279
99565324
99565339
99565358
99565362
99565368
99565402
99565419
99565426
99565451
99565475
99565481
99565498
99565534
99565717
99565760
99565772
99565793
99565800
99565836
99565994
99566040
99566142
99566226
99566233
99566271
99566353
99566468
99566492
99566497
99566519
99566527
99566528
99566543
99566584
99566593
99566595
99566610
99566688
99566706
99566718
99566728
99566791
99566807
99566851
99566954
99566971
99566991
99567026
99567076
99567089
99567284
99567328
99567352
99567381
99567398
99567497
99567518
99567628
99567649
99567714
99567752
99567759
99567830
99567871
99567875
99567910
99567964
99567985
99568039
99568116
99568186
99568285
99568301
99568385
99568405
99568418
99568428
99568460
99568537
99568590
99568620
99568650
99568669
99568678
99568769
99568787
99568871
99568887
99568890
99568907
99568964
99568985
99569006
99569101
99569183
99569186
99569204
99569254
99569262
99569289
99569342
99569352
99569370
99569472
99569533
99569560
99569570
99569598
99569826
99569856
99569898
99569925
99570069
99570086
99570089
99570120
99570170
99570172
99570183
99570194
99570211
99570350
99570409
99570579
99570654
99570674
99570734
99570819
99570839
99570876
99570883
99570905
99571036
99571050
99571065
99571085
99571153
99571169
99571247
99571272
99571273
99571320
99571375
99571429
99571441
99571515
99571533
99571536
99571600
99571615
99571617
99571620
99571665
99571667
99571853
99571866
99571884
99571922
99571923
99571941
99572055
99572149
99572198
99572212
99572244
99572253
99572259
99572317
99572555
99572558
99572591
99572627
99572631
99572660
99572681
99572741
99572794
99572808
99572872
99572887
99572888
99572951
99572964
99573000
99573141
99573153
99573163
99573185
99573229
99573260
99573268
99573281
99573286
99573352
99573411
99573424
99573432
99573434
99573435
99573481
99573483
99573519
99573523
99573532
99573536
99573539
99573543
99573560
99573564
99573569
99573587
99573589
99573590
99573596
99573681
99573734
99573763
99573812
99573832
99573884
99573911
99573945
99573953
99573973
99573974
99573976
99573977
99573979
99574008
99574024
99574051
99574078
99574138
99574196
99574415
99574505
99574514
99574517
99574605
99574644
99574646
99574669
99574675
99574741
99574881
99574890
99574894
99574917
99574969
99575040
99575068
99575071
99575103
99575155
99575223
99575271
99575303
99575479
99575481
99575676
99575677
99575760
99575833
99575862
99575864
99575882
99575903
99575932
99575937
99575970
99575983
99575987
99576058
99576107
99576201
99576362
99576379
99576426
99576434
99576440
99576446
99576476
99576517
99576522
99576550
99576564
99576565
99576588
99576602
99576613
99576629
99576631
99576655
99576702
99576715
99576716
99576726
99576755
99576770
99576796
99576819
99576841
99576854
99576888
99576951
99577019
99577100
99577149
99577236
99577331
99577349
99577371
99577409
99577480
99577542
99577556
99577635
99577667
99577715
99577753
99577785
99577802
99577803
99577998
99578018
99578152
99578166
99578243
99578247
99578249
99578273
99578281
99578342
99578408
99578428
99578456
99578472
99578500
99578536
99578540
99578587
99578590
99578619
99578672
99578687
99578732
99578734
99578739
99578758
99578773
99578791
99578798
99578812
99578829
99578840
99578855
99578906
99578944
99578998
99579008
99579045
99579052
99579091
99579117
99579135
99579154
99579159
99579168
99579257
99579287
99579340
99579341
99579363
99579370
99579372
99579437
99579450
99579515
99579529
99579562
99579563
99579608
99579630
99579639
99579671
99579746
99579809
99579811
99579812
99579831
99579843
99579857
99579900
99579907
99579915
99579995
99580009
99580020
99580051
99580075
99580166
99580200
99580206
99580218
99580296
99580353
99580360
99580420
99580479
99580587
99580607
99580632
99580675
99580683
99580692
99580698
99580700
99580718
99580727
99580821
99580881
99580882
99580910
99580928
99580935
99580939
99580947
99580981
99580985
99581037
99581080
99581086
99581091
99581187
99581263
99581297
99581323
99581469
99581472
99581495
99581543
99581571
99581572
99581636
99581651
99581822
99581847
99581958
99581964
99582027
99582043
99582082
99582090
99582169
99582188
99582197
99582267
99582288
99582373
99582439
99582441
99582451
99582457
99582467
99582493
99582526
99582569
99582589
99582615
99582637
99582684
99582692
99582737
99582808
99582813
99582840
99582842
99582859
99582862
99582948
99583058
99583083
99583128
99583154
99583184
99583187
99583223
99583272
99583343
99583369
99583401
99583477
99583493
99583538
99583585
99583623
99583680
99583708
99583709
99583773
99583777
99583828
99583839
99583863
99583868
99583871
99583874
99583904
99583990
99584010
99584014
99584017
99584029
99584138
99584197
99584236
99584245
99584272
99584288
99584308
99584421
99584430
99584432
99584455
99584603
99584606
99584631
99584647
99584652
99584715
99584719
99584725
99584742
99584752
99584788
99584814
99584817
99584837
99584893
99584935
99585009
99585068
99585070
99585093
99585119
99585225
99585249
99585309
99585358
99585363
99585367
99585428
99585439
99585448
99585493
99585494
99585499
99585644
99585651
99585748
99585792
99585908
99585912
99585924
99585930
99585997
99586012
99586059
99586073
99586078
99586087
99586123
99586136
99586150
99586193
99586212
99586260
99586289
99586308
99586309
99586311
99586334
99586335
99586336
99586341
99586363
99586366
99586478
99586501
99586547
99586555
99586559
99586611
99586620
99586722
99586744
99586757
99586768
99586779
99586839
99586891
99586923
99586925
99587010
99587014
99587032
99587072
99587104
99587105
99587157
99587174
99587191
99587196
99587253
99587270
99587316
99587369
99587472
99587594
99587690
99587707
99587710
99587742
99587744
99587807
99587876
99587899
99587925
99587959
99588046
99588095
99588185
99588293
99588320
99588567
99588576
99588611
99588618
99588637
99588682
99588687
99588750
99588771
99588801
99588802
99588808
99588815
99588878
99588929
99588931
99588936
99588940
99588951
99588975
99589036
99589074
99589120
99589211
99589344
99589415
99589583
99589730
99589742
99589768
99589797
99589800
99589844
99589902
99589962
99589977
99590021
99590034
99590042
99590077
99590119
99590153
99590171
99590172
99590223
99590227
99590228
99590244
99590250
99590254
99590290
99590292
99590293
99590313
99590314
99590360
99590387
99590423
99590427
99590447
99590471
99590545
99590561
99590618
99590672
99590703
99590710
99590795
99590809
99590815
99590824
99590879
99590891
99590894
99590902
99590913
99590914
99590916
99590939
99590982
99591081
99591135
99591141
99591277
99591311
99591333
99591353
99591407
99591431
99591457
99591517
99591554
99591555
99591598
99591602
99591615
99591643
99591729
99591748
99591791
99591832
99591839
99591843
99591851
99591871
99591921
99591952
99591978
99591997
99592057
99592074
99592110
99592166
99592273
99592372
99592385
99592574
99592685
99592690
99592732
99592809
99592902
99592912
99592962
99592971
99593071
99593128
99593222
99593235
99593242
99593263
99593265
99593266
99593267
99593324
99593326
99593341
99593347
99593373
99593399
99593402
99593408
99593448
99593460
99593467
99593492
99593523
99593538
99593546
99593584
99593634
99593694
99593713
99593753
99593762
99593814
99593817
99593968
99594014
99594015
99594067
99594071
99594200
99594238
99594246
99594274
99594287
99594288
99594327
99594378
99594514
99594569
99594667
99594738
99594810
99594852
99595094
99595157
99595239
99595410
99595439
99595597
99595657
99595674
99595841
99595844
99595922
99595938
99595940
99596018
99596041
99596107
99596153
99596241
99596247
99596250
99596266
99596298
99596326
99596356
99596383
99596393
99596418
99596432
99596438
99596454
99596457
99596462
99596516
99596529
99596540
99596575
99596592
99596600
99596603
99596606
99596636
99596641
99596663
99596695
99596751
99596758
99596804
99596832
99596840
99596875
99596879
99596884
99596995
99597031
99597049
99597072
99597078
99597093
99597122
99597139
99597146
99597164
99597167
99597169
99597175
99597193
99597215
99597219
99597222
99597236
99597249
99597272
99597280
99597369
99597390
99597400
99597405
99597430
99597490
99597518
99597536
99597585
99597657
99597665
99597728
99597738
99597744
99597761
99597855
99597877
99597898
99597927
99597942
99597959
99597996
99598004
99598073
99598092
99598118
99598136
99598142
99598172
99598231
99598278
99598295
99598321
99598329
99598411
99598419
99598442
99598455
99598506
99598542
99598544
99598567
99598606
99598641
99598709
99598804
99598830
99598934
99599021
99599111
99599114
99599121
99599126
99599138
99599142
99599147
99599168
99599309
99599325
99599349
99599398
99599425
99599443
99599450
99599470
99599473
99599526
99599595
99599599
99599613
99599637
99599638
99599648
99599652
99599666
99599672
99599764
99599781
99599792
99599826
99599840
99599851
99599929
99600007
99600011
99600049
99600171
99600179
99600390
99600392
99600470
99600493
99600516
99600708
99600725
99600756
99600865
99600917
99601036
99601124
99601128
99601130
99601144
99601178
99601179
99601239
99601313
99601378
99601385
99601387
99601398
99601412
99601414
99601485
99601489
99601495
99601498
99601544
99601546
99601547
99601557
99601609
99601615
99601632
99601656
99601669
99601693
99601711
99601749
99601769
99601785
99601786
99601864
99601899
99601937
99602005
99602052
99602083
99602095
99602103
99602109
99602150
99602172
99602201
99602204
99602215
99602285
99602347
99602393
99602394
99602400
99602442
99602446
99602450
99602534
99602541
99602575
99602578
99602630
99602642
99602732
99602848
99602874
99602927
99602945
99602955
99602965
99602997
99603022
99603081
99603118
99603133
99603141
99603167
99603216
99603390
99603509
99603511
99603552
99603604
99603619
99603636
99603643
99603710
99603719
99603762
99603782
99603800
99603849
99603883
99603906
99603914
99604007
99604015
99604057
99604193
99604201
99604208
99604218
99604283
99604284
99604296
99604374
99604377
99604475
99604512
99604518
99604520
99604625
99604627
99604672
99604674
99604675
99604679
99604692
99604715
99604729
99604742
99604793
99604870
99605051
99605077
99605128
99605181
99605305
99605412
99605428
99605438
99605541
99605600
99605662
99605773
99605849
99605858
99605893
99605894
99605908
99605931
99605943
99605960
99605988
99606009
99606075
99606122
99606139
99606156
99606173
99606188
99606200
99606205
99606264
99606344
99606377
99606408
99606426
99606503
99606523
99606528
99606540
99606626
99606683
99606692
99606733
99606810
99606847
99606848
99606849
99606850
99606851
99606939
99606955
99607009
99607022
99607032
99607037
99607082
99607182
99607202
99607219
99607249
99607356
99607390
99607408
99607427
99607543
99607622
99607636
99607643
99607649
99607689
99607751
99607760
99607773
99607782
99607796
99607802
99607805
99607897
99607900
99607918
99607952
99607957
99608020
99608036
99608193
99608237
99608252
99608256
99608309
99608394
99608405
99608414
99608419
99608521
99608567
99608584
99608633
99608726
99608777
99608834
99608879
99608881
99608966
99608991
99609038
99609074
99609077
99609111
99609139
99609187
99609188
99609215
99609240
99609242
99609257
99609376
99609382
99609417
99609528
99609639
99609644
99609654
99609667
99609689
99609712
99609789
99609796
99609814
99609977
99610022
99610033
99610057
99610097
99610102
99610110
99610161
99610273
99610312
99610370
99610446
99610463
99610498
99610522
99610523
99610616
99610628
99610659
99610744
99610752
99610779
99610821
99610839
99610850
99610869
99610985
99611014
99611107
99611151
99611200
99611203
99611333
99611338
99611344
99611361
99611386
99611450
99611506
99611509
99611520
99611538
99611608
99611639
99611646
99611654
99611666
99611680
99611690
99611702
99611740
99611758
99611801
99611832
99611913
99611959
99611981
99611982
99611983
99612098
99612121
99612134
99612152
99612153
99612157
99612160
99612183
99612205
99612254
99612255
99612277
99612442
99612452
99612455
99612459
99612595
99612609
99612690
99612693
99612775
99612790
99612840
99612912
99613012
99613028
99613074
99613094
99613108
99613151
99613167
99613220
99613248
99613274
99613308
99613368
99613425
99613447
99613452
99613494
99613537
99613647
99613658
99613697
99613735
99613764
99613798
99613813
99613894
99613915
99613933
99613943
99613972
99614008
99614020
99614178
99614180
99614185
99614218
99614236
99614258
99614269
99614323
99614333
99614368
99614439
99614560
99614602
99614615
99614623
99614684
99614703
99614708
99614751
99614771
99614826
99614839
99614858
99614907
99614909
99614911
99614947
99614998
99615000
99615012
99615045
99615049
99615060
99615069
99615166
99615353
99615358
99615364
99615407
99615409
99615435
99615451
99615453
99615455
99615569
99615608
99615641
99615655
99615713
99615740
99615782
99615800
99615808
99615866
99615868
99615875
99615894
99616035
99616062
99616069
99616101
99616102
99616107
99616124
99616191
99616224
99616293
99616307
99616336
99616358
99616430
99616441
99616470
99616612
99616662
99616706
99616714
99616730
99616751
99616793
99616806
99616844
99616877
99616883
99616991
99617016
99617164
99617186
99617189
99617252
99617288
99617364
99617389
99617392
99617400
99617404
99617442
99617494
99617520
99617599
99617614
99617636
99617655
99617754
99617775
99617787
99617861
99617955
99617991
99618052
99618057
99618079
99618088
99618135
99618224
99618227
99618254
99618303
99618441
99618451
99618454
99618509
99618510
99618561
99618580
99618618
99618701
99618715
99618753
99618791
99618850
99618924
99619000
99619008
99619069
99619086
99619127
99619185
99619220
99619253
99619318
99619629
99619648
99619709
99619755
99619784
99619787
99619803
99619825
99619826
99619872
99619902
99619945
99620012
99620014
99620050
99620117
99620119
99620139
99620204
99620215
99620218
99620358
99620363
99620365
99620366
99620370
99620377
99620423
99620478
99620485
99620487
99620559
99620673
99620778
99620785
99620790
99620824
99620852
99620917
99620921
99620937
99620976
99620989
99620996
99621060
99621079
99621101
99621103
99621156
99621180
99621280
99621325
99621370
99621476
99621477
99621480
99621511
99621529
99621641
99621646
99621716
99621730
99621732
99621748
99621773
99621822
99621858
99621871
99621937
99621990
99622015
99622121
99622164
99622183
99622234
99622255
99622339
99622341
99622390
99622430
99622504
99622524
99622553
99622585
99622627
99622678
99622685
99622693
99622694
99622695
99622696
99622768
99622809
99622810
99622832
99622865
99622947
99622951
99623025
99623026
99623027
99623028
99623029
99623030
99623033
99623039
99623043
99623077
99623179
99623180
99623181
99623270
99623385
99623388
99623463
99623501
99623510
99623546
99623552
99623597
99623604
99623610
99623659
99623673
99623687
99623708
99623805
99623823
99623909
99624077
99624146
99624178
99624188
99624212
99624227
99624228
99624271
99624313
99624390
99624420
99624482
99624507
99624508
99624539
99624588
99624618
99624662
99624665
99624672
99624808
99624859
99624897
99624919
99624960
99624974
99624996
99625071
99625116
99625139
99625160
99625235
99625248
99625292
99625298
99625376
99625420
99625446
99625503
99625550
99625561
99625588
99626377
99626904
99627079
99627299
99627691
99627775
99628040
99628288
99628311
99628339
99628387
99628436
99628463
99628473
99628511
99628522
99628531
99628574
99628645
99628722
99628819
99628820
99628851
99628958
99629049
99629057
99629142
99629177
99629226
99629228
99629306
99629307
99629364
99629456
99629589
99629691
99629694
99629722
99629744
99629765
99629798
99629877
99629901
99630059
99630075
99630093
99630173
99630194
99630222
99630277
99630281
99630429
99630435
99630436
99630437
99630438
99630464
99630549
99630715
99630780
99630939
99630943
99630950
99630994
99631025
99631097
99631130
99631216
99631267
99631270
99631276
99631372
99631401
99631478
99631485
99631486
99631487
99631488
99631490
99631493
99631560
99631576
99631583
99631635
99631640
99631697
99631698
99631739
99631787
99631866
99631952
99631977
99631999
99632005
99632066
99632106
99632113
99632156
99632212
99632266
99632287
99632292
99632345
99632397
99632477
99632488
99632492
99632497
99632538
99632566
99632617
99632628
99632637
99632684
99632686
99632698
99632700
99632749
99632775
99632777
99632834
99632840
99632914
99632953
99632955
99633013
99633083
99633126
99633152
99633176
99633218
99633219
99633220
99633221
99633222
99633225
99633248
99633249
99633305
99633369
99633371
99633388
99633413
99633433
99633445
99633457
99633500
99633501
99633522
99633534
99633591
99633619
99633634
99633684
99633781
99633799
99633802
99633840
99633841
99633859
99633862
99633909
99633956
99633975
99633989
99634007
99634105
99634171
99634191
99634207
99634263
99634306
99634316
99634343
99634353
99634371
99634373
99634381
99634391
99634392
99634465
99634475
99634519
99634523
99634580
99634582
99634614
99634616
99634627
99634632
99634677
99634683
99634808
99634863
99634889
99634930
99634931
99634932
99634998
99635038
99635065
99635090
99635097
99635114
99635173
99635174
99635210
99635211
99635224
99635239
99635246
99635377
99635413
99635455
99635502
99635518
99635577
99635590
99635598
99635646
99635737
99635848
99635969
99635976
99636009
99636023
99636031
99636047
99636097
99636104
99636116
99636158
99636169
99636233
99636244
99636249
99636302
99636307
99636312
99636380
99636381
99636502
99636524
99636536
99636557
99636564
99636610
99636672
99636687
99636803
99636810
99636857
99636862
99636864
99636917
99636980
99636995
99637004
99637015
99637028
99637044
99637077
99637092
99637104
99637108
99637160
99637193
99637229
99637270
99637279
99637280
99637281
99637282
99637283
99637320
99637384
99637469
99637515
99637517
99637588
99637597
99637598
99637627
99637639
99637705
99637741
99637747
99637757
99637786
99637804
99637880
99637886
99637893
99637916
99637939
99637959
99638057
99638106
99638116
99638121
99638174
99638206
99638231
99638244
99638287
99638303
99638403
99638413
99638458
99638488
99638516
99638595
99638668
99638685
99638694
99638782
99638785
99638788
99638858
99638906
99638958
99638965
99638983
99639012
99639060
99639064
99639232
99639335
99639404
99639408
99639458
99639462
99639510
99639520
99639627
99639670
99639706
99639731
99639763
99639772
99639791
99639803
99639818
99639824
99639848
99639851
99639854
99639862
99639872
99639874
99639992
99640000
99640008
99640027
99640053
99640167
99640291
99640292
99640313
99640365
99640380
99640384
99640386
99640412
99640421
99640556
99640593
99640649
99640651
99640673
99640700
99640714
99640830
99640883
99640914
99640915
99640953
99641071
99641171
99641213
99641228
99641246
99641275
99641278
99641314
99641316
99641345
99641351
99641359
99641364
99641381
99641389
99641420
99641439
99641452
99641529
99641584
99641595
99641607
99641613
99641644
99641653
99641683
99641702
99641797
99641810
99641813
99641815
99641849
99641880
99641883
99641945
99641947
99641957
99641958
99641973
99641985
99641994
99641996
99642030
99642057
99642082
99642094
99642163
99642222
99642248
99642274
99642277
99642303
99642380
99642402
99642446
99642454
99642537
99642578
99642581
99642592
99642606
99642615
99642656
99642657
99642658
99642659
99642660
99642687
99642689
99642700
99642730
99642744
99642766
99642844
99642868
99642872
99642891
99642900
99642902
99642904
99642906
99642928
99642934
99643002
99643032
99643037
99643055
99643065
99643069
99643279
99643285
99643312
99643348
99643356
99643360
99643364
99643366
99643416
99643514
99643546
99643551
99643584
99643598
99643600
99643601
99643618
99643623
99643630
99643657
99643664
99643732
99643733
99643754
99643759
99643884
99643888
99643932
99643938
99644023
99644027
99644031
99644071
99644078
99644089
99644134
99644136
99644154
99644177
99644213
99644218
99644222
99644267
99644292
99644293
99644300
99644314
99644317
99644365
99644476
99644519
99644524
99644540
99644553
99644564
99644575
99644579
99644677
99644678
99644681
99644696
99644704
99644708
99644736
99644739
99644761
99644775
99644798
99644817
99644938
99645012
99645228
99645288
99645292
99645338
99645339
99645340
99645341
99645342
99645345
99645347
99645364
99645373
99645379
99645398
99645428
99645447
99645468
99645630
99645702
99645707
99645746
99645757
99645769
99645773
99645798
99645811
99645817
99645904
99645968
99645976
99645979
99645984
99646141
99646147
99646251
99646255
99646269
99646297
99646312
99646339
99646412
99646461
99646495
99646506
99646509
99646510
99646512
99646529
99646537
99646651
99646700
99646729
99646792
99646812
99646819
99646874
99646880
99646881
99646883
99646925
99646932
99646975
99646998
99647183
99647224
99647226
99647244
99647252
99647253
99647263
99647278
99647382
99647423
99647435
99647470
99647487
99647515
99647526
99647541
99647543
99647555
99647558
99647637
99647650
99647686
99647687
99647754
99647809
99647818
99647823
99647851
99647876
99647881
99647898
99647903
99647927
99648056
99648112
99648146
99648150
99648164
99648232
99648275
99648284
99648314
99648321
99648327
99648454
99648646
99648802
99648805
99648811
99648892
99648952
99648965
99648972
99648984
99649027
99649057
99649101
99649120
99649121
99649122
99649123
99649124
99649125
99649140
99649185
99649248
99649303
99649305
99649336
99649403
99649408
99649414
99649514
99649520
99649526
99649532
99649605
99649607
99649665
99649683
99649702
99649727
99649748
99649827
99649967
99649984
99650048
99650060
99650104
99650126
99650134
99650153
99650156
99650179
99650188
99650247
99650253
99650255
99650266
99650332
99650363
99650377
99650467
99650490
99650522
99650550
99650588
99650600
99650601
99650704
99650730
99650739
99650786
99650795
99650848
99650895
99650915
99651041
99651076
99651089
99651096
99651135
99651218
99651256
99651291
99651336
99651371
99651410
99651429
99651432
99651442
99651495
99651529
99651539
99651542
99651551
99651580
99651593
99651632
99651675
99651681
99651731
99651744
99651745
99651746
99651748
99651798
99651886
99651894
99651898
99651965
99652046
99652137
99652150
99652194
99652195
99652259
99652264
99652283
99652284
99652293
99652301
99652309
99652404
99652442
99652445
99652446
99652503
99652548
99652564
99652580
99652617
99652647
99652652
99652716
99652735
99652797
99652818
99652866
99652884
99652903
99652947
99653046
99653057
99653064
99653073
99653080
99653102
99653136
99653158
99653170
99653177
99653210
99653278
99653331
99653388
99653397
99653404
99653453
99653468
99653515
99653539
99653547
99653563
99653602
99653648
99653654
99653665
99653679
99653696
99653737
99653760
99653781
99653833
99653855
99653863
99653920
99653937
99653968
99653991
99654003
99654005
99654030
99654079
99654125
99654178
99654207
99654232
99654253
99654270
99654285
99654324
99654499
99654505
99654524
99654654
99654661
99654764
99654770
99654809
99654832
99654858
99654880
99654934
99654938
99654943
99654962
99654968
99654972
99654988
99654999
99655005
99655016
99655063
99655196
99655218
99655266
99655283
99655316
99655341
99655374
99655396
99655398
99655399
99655406
99655468
99655524
99655527
99655542
99655601
99655673
99655704
99655733
99655881
99655883
99655911
99656010
99656030
99656050
99656174
99656204
99656233
99656268
99656285
99656389
99656407
99656437
99656460
99656463
99656541
99656548
99656574
99656575
99656647
99656721
99656749
99656813
99656821
99656822
99656829
99656915
99656922
99656923
99657093
99657123
99657199
99657200
99657205
99657208
99657221
99657222
99657281
99657345
99657387
99657408
99657417
99657496
99657549
99657562
99657575
99657583
99657587
99657599
99657609
99657622
99657671
99657705
99657728
99657851
99657874
99657887
99657894
99657895
99657896
99657900
99657901
99657919
99657924
99657927
99657968
99657985
99658069
99658102
99658120
99658155
99658165
99658191
99658198
99658316
99658358
99658435
99658507
99658533
99658611
99658637
99658645
99658669
99658676
99658707
99658736
99658867
99658922
99658936
99658980
99659142
99659193
99659285
99659408
99659412
99659429
99659516
99659601
99659603
99659626
99659659
99659717
99659833
99659835
99659870
99659874
99659925
99659939
99659980
99659985
99659986
99659988
99659999
99660005
99660014
99660138
99660145
99660153
99660262
99660282
99660348
99660374
99660405
99660410
99660472
99660474
99660515
99660521
99660539
99660581
99660623
99660702
99660721
99660744
99660763
99660791
99660797
99660896
99660918
99660996
99661072
99661112
99661114
99661122
99661331
99661335
99661407
99661438
99661506
99661536
99661544
99661581
99661599
99661603
99661655
99661676
99661703
99661767
99661786
99661789
99661903
99661912
99662045
99662075
99662114
99662149
99662150
99662174
99662184
99662211
99662225
99662270
99662278
99662305
99662336
99662356
99662363
99662400
99662404
99662426
99662427
99662490
99662517
99662546
99662550
99662585
99662638
99662739
99662740
99662741
99662742
99662743
99662821
99662822
99663012
99663073
99663084
99663085
99663086
99663087
99663125
99663148
99663160
99663237
99663268
99663321
99663370
99663396
99663419
99663421
99663452
99663489
99663552
99663601
99663604
99663776
99663796
99663802
99663805
99663823
99663861
99663956
99663957
99663971
99664008
99664043
99664088
99664125
99664199
99664203
99664208
99664289
99664310
99664372
99664448
99664631
99664637
99664718
99664779
99664851
99664865
99664995
99665189
99665195
99665252
99665314
99665367
99665377
99665455
99665511
99665541
99665678
99665691
99665726
99665944
99666035
99666054
99666144
99666198
99666199
99666200
99666202
99666203
99666221
99666262
99666391
99666416
99666429
99666437
99666547
99666562
99666592
99666721
99666828
99666834
99666872
99666905
99666986
99666988
99667028
99667030
99667044
99667085
99667142
99667174
99667210
99667233
99667236
99667294
99667312
99667344
99667361
99667424
99667521
99667665
99667722
99667775
99667836
99667872
99667885
99667930
99668074
99668081
99668091
99668128
99668136
99668168
99668196
99668252
99668258
99668265
99668269
99668282
99668293
99668304
99668314
99668372
99668457
99668552
99668558
99668654
99668657
99669054
99669229
99669281
99669352
99669357
99669358
99669377
99669488
99669581
99669658
99669685
99669697
99669860
99670016
99670045
99670071
99670098
99670110
99670113
99670178
99670185
99670215
99670267
99670268
99670338
99670365
99670479
99670494
99670601
99670618
99670622
99670705
99670706
99670888
99670889
99670910
99670922
99670955
99670988
99670994
99671020
99671037
99671063
99671168
99671176
99671332
99671527
99671623
99671630
99671675
99671768
99671787
99671871
99671872
99671873
99671921
99672006
99672045
99672218
99672272
99672286
99672297
99672373
99672412
99672414
99672415
99672416
99672417
99672418
99672459
99672465
99672651
99672681
99672682
99672807
99672844
99672895
99672900
99672924
99672989
99673051
99673058
99673059
99673104
99673151
99673207
99673320
99673331
99673380
99673449
99673455
99673471
99673559
99673579
99673649
99673729
99673778
99673879
99673918
99673971
99673978
99673985
99674000
99674151
99674157
99674170
99674231
99674238
99674256
99674284
99674341
99674357
99674484
99674502
99674592
99674601
99674636
99674637
99674654
99674769
99674805
99674806
99674826
99674897
99674928
99674947
99675130
99675135
99675174
99675180
99675198
99675208
99675218
99675236
99675256
99675273
99675277
99675317
99675320
99675350
99675351
99675422
99675426
99675460
99675465
99675579
99675696
99675707
99675715
99675910
99675931
99675954
99675986
99675997
99676408
99676437
99676453
99676529
99676697
99676720
99676741
99676748
99676751
99676823
99676862
99676884
99676915
99676947
99677069
99677089
99677107
99677148
99677158
99677244
99677326
99677337
99677360
99677384
99677392
99677663
99677679
99677692
99677757
99677801
99677844
99677847
99677851
99677858
99677975
99678104
99678127
99678145
99678301
99678469
99678541
99678635
99678690
99678703
99678712
99678718
99678907
99678940
99678986
99679076
99679177
99679213
99679230
99679281
99679290
99679351
99679450
99679456
99679480
99679799
99679804
99679912
99679960
99679962
99680013
99680109
99680116
99680154
99680320
99680330
99680333
99680372
99680374
99680439
99680501
99680517
99680566
99680628
99680717
99680758
99680767
99680864
99680906
99680907
99680956
99680965
99680970
99680989
99681017
99681034
99681052
99681167
99681219
99681272
99681290
99681319
99681353
99681429
99681463
99681550
99681619
99681729
99681772
99681777
99681808
99681825
99681838
99681862
99681929
99682084
99682101
99682106
99682107
99682108
99682110
99682111
99682126
99682139
99682192
99682212
99682252
99682260
99682268
99682274
99682297
99682379
99682403
99682510
99682557
99682567
99682587
99682588
99682687
99682688
99682736
99682756
99682919
99682956
99682969
99683007
99683026
99683037
99683086
99683156
99683164
99683367
99683393
99683402
99683438
99683500
99683502
99683572
99683599
99683638
99683763
99683764
99683765
99683766
99683767
99683791
99683797
99683890
99683928
99683978
99684002
99684054
99684058
99684084
99684114
99684153
99684154
99684188
99684200
99684203
99684224
99684226
99684267
99684315
99684319
99684341
99684388
99684469
99684524
99684530
99684544
99684550
99684572
99684630
99684718
99684725
99684858
99684935
99684942
99684978
99685009
99685041
99685071
99685363
99685464
99685555
99685660
99685708
99685820
99685898
99686027
99686045
99686050
99686128
99686323
99686346
99686373
99686409
99686452
99686466
99686552
99686585
99686587
99686622
99686693
99686694
99686702
99686708
99686714
99686742
99686797
99686817
99686842
99686917
99686922
99686934
99687133
99687178
99687222
99687330
99687364
99687630
99687632
99687657
99687716
99687717
99687737
99687759
99687849
99687868
99687895
99688030
99688039
99688047
99688084
99688093
99688099
99688101
99688155
99688225
99688299
99688390
99688458
99688552
99688607
99688608
99688648
99688760
99688937
99689018
99689106
99689159
99689259
99689312
99689517
99689564
99689689
99689729
99689819
99689861
99695805
99695921
99695980
99696175
99696258
99696267
99696270
99696324
99696332
99696446
99696449
99696650
99696686
99696726
99696746
99697003
99697037
99697084
99697161
99697211
99697247
99697259
99697334
99697365
99697405
99697573
99697711
99697840
99697974
99697977
99698049
99698131
99698138
99698170
99698580
99698643
99698883
99698891
99698928
99699056
99699275
99699325
99699430
99699483
99699485
99699488
99699660
99699695
99699733
99699983
99700077
99700318
99700324
99700369
99700373
99700412
99700516
99700533
99700619
99700630
99700726
99700728
99700729
99700731
99700985
99701067
99701115
99701117
99701118
99701120
99701121
99701146
99701165
99701174
99701367
99701400
99701414
99701479
99701632
99701647
99702043
99702048
99702293
99702471
99702499
99702625
99702916
99702933
99703163
99703323
99703717
99703892
99703896
99703898
99704081
99704267
99704411
99704672
99704700
99704784
99704818
99704829
99704836
99704988
99704989
99705153
99705296
99705383
99705392
99705439
99705507
99705668
99705674
99705788
99705834
99706002
99706058
99706073
99706157
99706182
99706686
99706731
99706810
99706819
99706830
99706885
99706917
99707162
99707352
99707437
99707576
99707614
99707667
99707722
99707775
99707867
99708042
99708069
99708081
99708229
99708331
99708362
99708363
99708382
99708437
99708619
99708704
99708828
99708836
99708949
99708958
99709009
99709102
99709203
99709235
99709389
99709426
99709434
99709534
99709606
99709643
99709784
99709945
99710003
99710112
99710132
99710182
99710243
99710479
99710777
99710829
99710838
99711425
99711438
99711489
99711573
99712001
99712207
99712324
99712331
99712448
99712704
99712929
99712930
99713000
99713107
99713346
99713347
99713694
99713716
99714381
99714418
99714421
99714484
99714565
99714567
99714568
99714570
99714571
99714572
99714596
99714706
99714736
99714788
99714832
99714934
99715263
99715351
99715353
99715461
99715521
99715604
99715630
99715673
99715754
99715840
99715928
99715997
99716045
99716315
99716415
99716609
99716632
99716644
99716732
99716792
99716808
99716900
99716944
99717076
99717102
99717168
99717215
99717240
99717366
99717404
99717446
99717467
99717500
99717637
99717664
99717788
99717906
99717914
99718058
99718080
99718132
99718207
99718246
99718308
99718434
99718565
99718703
99718810
99718991
99719088
99719214
99719536
99719583
99719585
99719609
99719687
99719741
99719789
99719839
99719854
99719860
99719949
99720002
99720056
99720116
99720122
99720157
99720171
99720173
99720206
99720266
99720710
99720789
99720878
99721080
99721204
99721278
99721360
99721545
99721585
99721642
99721670
99721725
99721941
99722003
99722091
99722237
99722350
99722502
99722527
99722579
99722639
99722665
99722693
99722698
99722805
99722868
99722906
99722958
99723092
99723155
99723265
99723382
99723445
99723446
99723447
99723448
99723449
99723572
99723633
99723678
99723688
99723908
99723931
99724012
99724134
99724162
99724173
99724209
99724245
99724348
99724403
99724427
99724453
99724524
99724562
99724593
99724594
99724621
99724789
99724848
99724922
99724968
99725004
99725038
99725102
99725103
99725119
99725205
99725206
99725207
99725342
99725420
99725431
99725626
99725640
99725641
99725676
99725865
99726130
99726143
99726147
99726331
99726387
99726606
99726734
99726740
99727005
99727151
99727223
99727349
99727535
99727685
99727696
99727741
99727802
99727853
99727923
99727975
99728203
