10434200
11716213
98040136
98053195
98057506
98093544
98123674
98128725
98150346
98150440
98181731
98215237
98219321
98244004
98258471
98262804
98267327
98283119
98301628
98306641
98309967
98321381
98323004
98324185
98336318
98385821
98557649
98667132
98751541
98918206
98954843
98978888
99025885
99027461
99066222
99066230
99066233
99119062
99135978
99170053
99195821
99264709
99268662
99285013
99287918
99313061
99338031
99347697
99347878
99353891
99362652
99362857
99363144
99366337
99366441
99366457
99374195
99379032
99399400
99404585
99423847
99435133
99436874
99473380
99520298
99530351
99531888
99531890
99538787
99538805
99540754
99540887
99549061
99549070
99559892
99559899
99569329
99569331
99569333
99569770
99572076
99572077
99576981
99580095
99580641
99580644
99580645
99584084
99584834
99589273
99591210
99591211
99591212
99595706
99597340
99597342
99599881
99600581
99602705
99602708
99602717
99605266
99605267
99605886
99606387
99608383
99609622
99610104
99615105
99615106
99616739
99619734
99620063
99629946
99631164
99632224
99632558
99634323
99638397
99643677
99643678
99643682
99643684
99646486
99646487
99646488
99648757
99648758
99649477
99649989
99650567
99651931
99651932
99651997
99652000
99652001
99652003
99654484
99657845
99657847
99657848
99657849
99659156
99660588
99660591
99660593
99662044
99662052
99662055
99670474
99674242
99675475
99677200
99677449
99679733
99679905
99679907
99681637
99681816
99681831
99697788
99697793
99697794
99697795
99705171
99705595
98093544
98095266
99375630
10434200
11716213
98040136
98053195
98057506
98093544
98123674
98128725
98150346
98150440
98181731
98215237
98219321
98244004
98258471
98262804
98267327
98283119
98301628
98306641
98309967
98321381
98323004
98324185
98336318
98385821
98557649
98667132
98751541
98918206
98954843
98978888
99025885
99027461
99066222
99066230
99066233
99119062
99135978
99170053
99195821
99264709
99268662
99285013
99287918
99313061
99338031
99347697
99347878
99353891
99362652
99362857
99363144
99366337
99366441
99366457
99374195
99379032
99399400
99404585
99423847
99435133
99436874
99473380
99520298
99530351
99531888
99531890
99538787
99538805
99540754
99540887
99549061
99549070
99559892
99559899
99569329
99569331
99569333
99569770
99572076
99572077
99576981
99580095
99580641
99580644
99580645
99584084
99584834
99589273
99591210
99591211
99591212
99595706
99597340
99597342
99599881
99600581
99602705
99602708
99602717
99605266
99605267
99605886
99606387
99608383
99609622
99610104
99615105
99615106
99616739
99619734
99620063
99629946
99631164
99632224
99632558
99634323
99638397
99643677
99643678
99643682
99643684
99646486
99646487
99646488
99648757
99648758
99649477
99649989
99650567
99651931
99651932
99651997
99652000
99652001
99652003
99654484
99657845
99657847
99657848
99657849
99659156
99660588
99660591
99660593
99662044
99662052
99662055
99670474
99674242
99675475
99677200
99677449
99679733
99679905
99679907
99681637
99681816
99681831
99697788
99697793
99697794
99697795
99705171
99705595
98093544
98095266
99375630
174670
176351
105120
127744
8640
62952
126368
134182
64851
453668
147357
127819
95491
404641
6681
9711
242318
13842
135373
32164
136104
143997
214857
234852
296370
305696
310008
474828
352064
383983
375281
375369
380465
381261
416329
440004
444306
460038
85172
469520
471078
478310
482299
488750
490017
490630
493948
494776
495005
496246
496251
496923
496963
497488
497740
497924
498439
500321
501607
501711
502329
503049
503650
99649489
99649842
99672492
99676378
99681621
99683461
99696517
99697943
99704923
99706801
99710118
99711068
99711282
99712381
99712440
99712944
99713720
99714149
99714301
99716589
99717723
99717790
99526804
128039
9111493
9448743
9841506
11782800
12624788
66268454
98010575
98013578
98055326
98059802
98084109
98156968
98157226
98216297
98252900
98268491
98315856
98325277
98387002
98547862
98565327
98895412
98902674
98905870
98915607
98929677
99014057
99066859
99324880
99345598
99372706
99447532
99464337
99475881
99482869
99488041
99542210
99555349
99570908
99571198
99578663
99579693
99609180
99620712
99622935
99638198
99640937
99643596
99649489
99649842
99662276
99664130
99672492
99676378
99679543
99681621
99683461
99696517
99697943
99704923
99706128
99706801
99710118
99711068
99711282
99712381
99712440
99712944
99713062
99713720
99714149
99714301
99714870
99716589
99717723
99717790
99718387
99719212
99719819
99721048
99722998
99723683