14875
86957
87927
126097
141887
1109547
1242682
1310567
1310682
1884609
2054928
2561841
8627952
8647327
8765424
8796157
9080902
9117509
9128835
9531347
9615483
9620785
9653855
9676878
9879884
10199701
10229340
10250982
10255938
10261994
10287824
10301386
10306778
10320083
10497373
10562229
10620163
10639272
11765555
11777089
13026271
13038400
13039736
13055058
13080287
13137583
91113305
91116055
91463200
91548980
91687180
91716950
91717880
91783492
91803190
92612420
92632890
92675360
92717220
92795220
92974810
93026350
98012234
98013180
98014337
98015966
98016401
98016473
98017094
98026098
98027169
98027444
98034871
98060243
98061127
98064346
98066822
98067902
98083227
98091466
98092269
98093364
98093493
98094386
98115102
98118691
98122212
98123271
98124828
98125141
98128659
98128822
98129360
98129659
98130044
98130283
98130310
98130863
98131105
98132015
98132283
98132410
98133062
98134128
98134790
98135177
98135594
98136067
98147920
98148380
98149057
98152640
98152919
98153583
98153693
98154803
98156061
98158061
98159491
98168628
98169138
98170193
98170292
98171013
98171301
98179079
98181276
98182053
98184933
98185088
98185601
98186142
98187589
98190634
98205174
98209910
98210229
98212743
98216721
98217364
98220584
98222196
98226122
98239207
98246931
98247923
98250019
98254647
98255500
98255603
98258199
98260693
98262785
98264156
98264351
98264937
98267416
98280979
98288197
98290352
98291885
98292129
98292346
98293934
98294021
98296791
98297582
98299803
98299854
98302492
98302694
98312994
98316462
98317843
98317896
98318311
98320485
98321334
98321981
98322717
98324160
98325571
98331381
98332791
98336125
98339079
98349196
98360893
98361497
98362220
98362996
98385305
98386660
98387924
98391224
98391602
98393087
98398635
98403631
98403646
98424093
98429328
98527747
98531740
98534973
98536716
98539264
98540332
98541181
98548013
98556229
98557575
98558709
98558822
98560203
98561561
98561770
98563401
98564297
98564682
98565739
98566119
98566644
98567398
98569595
98579192
98579319
98592022
98604502
98606913
98638798
98639132
98640050
98640665
98640779
98658329
98658847
98660323
98660861
98660890
98664299
98664389
98664406
98665294
98668313
98669274
98669549
98673641
98681745
98682604
98682968
98696184
98701534
98702571
98704317
98704820
98705686
98715398
98724577
98729735
98732186
98740433
98745754
98746045
98746072
98746857
98747814
98748013
98751860
98761144
98771593
98779554
98807662
98811089
98812059
98812145
98819955
98826403
98833351
98834378
98835230
98837573
98840026
98848921
98854631
98855105
98860983
98865493
98868993
98870239
98872182
98872701
98878780
98879792
98892646
98894730
98895177
98899732
98901884
98905344
98905690
98905870
98907694
98914205
98914417
98915176
98915651
98916151
98916220
98916559
98917017
98921680
98928476
98930906
98943460
98946307
98949481
98955017
98956268
98957726
98959872
98960972
98967080
98972088
98982153
98995882
98996333
98997621
98999867
99003046
99003365
99014474
99021356
99023613
99026166
99037155
99037454
99051287
99051922
99061587
99062357
99065286
99066747
99069370
99076723
99090788
99093878
99094976
99095591
99096115
99097537
99098139
99108053
99108144
99115861
99116186
99117414
99121145
99124457
99127321
99135603
99136057
99136215
99137809
99139842
99144617
99146580
99147192
99151380
99161971
99164169
99167154
99168826
99170052
99170490
99176094
99177721
99179018
99179986
99181373
99181502
99190487
99193490
99194861
99196134
99197287
99197776
99199927
99201778
99228653
99229666
99234077
99242062
99245440
99252910
99254119
99254331
99254481
99256154
99257081
99258090
99258279
99265328
99265375
99265492
99268182
99268823
99269231
99269756
99269843
99270434
99273207
99282055
99283453
99284718
99285664
99285876
99286611
99287723
99288637
99292606
99295500
99296185
99296470
99297302
99297722
99298247
99298484
99299761
99300658
99303843
99305227
99311599
99312312
99313722
99317115
99319177
99320380
99321534
99323479
99324297
99324546
99326379
99328522
99330182
99330238
99330832
99333012
99333203
99335372
99336737
99338893
99340814
99341359
99342376
99344020
99345995
99346033
99347298
99347557
99348874
99349640
99349686
99351676
99352087
99354983
99356012
99356284
99361675
99362588
99363160
99364487
99365091
99368860
99370217
99374834
99375159
99375752
99376335
99376597
99378922
99379339
99379835
99381851
99383729
99384244
99385340
99386168
99386926
99387703
99388911
99392101
99392418
99392960
99393693
99394980
99396383
99398673
99399308
99400685
99404364
99405861
99406103
99407767
99408231
99408234
99408399
99409111
99412295
99416682
99417251
99418187
99418554
99421887
99421981
99424358
99424836
99424878
99430628
99431148
99432030
99435117
99437922
99439560
99443686
99443917
99443991
99445694
99446082
99447891
99448635
99449137
99449686
99451129
99452940
99452999
99453252
99456158
99456592
99457238
99457626
99458677
99459161
99461213
99462452
99464430
99465924
99468349
99468865
99470536
99472537
99473745
99475476
99479513
99480675
99481246
99481257
99481822
99482869
99484148
99485156
99485866
99487287
99488038
99488639
99488778
99488871
99489195
99489826
99489848
99490226
99491474
99492973
99493815
99494693
99514154
99514228
99514346
99515409
99515473
99516888
99520024
99520030
99520043
99520144
99522261
99525385
99526825
99527003
99528353
99531966
99532777
99533720
99534179
99539572
99541288
99545123
99546407
99547731
99548154
99554281
99557135
99557679
99557866
99558735
99560101
99562346
99562422
99563644
99564139
99566952
99567138
99568220
99569440
99573052
99573218
99573747
99575476
99576302
99577107
99577890
99581990
99582831
99586029
99586750
99587012
99587131
99587384
99587811
99588910
99589187
99590391
99591254
99595024
99595120
99595627
99595981
99596244
99596698
99597637
99598923
99599040
99599352
99599788
99600154
99602417
99604158
99605104
99605435
99605486
99607471
99607775
99611132
99611465
99611713
99612304
99613712
99615958
99616122
99617341
99618033
99618119
99618426
99618830
99619150
99619765
99620168
99620922
99621569
99623265
99623562
99623828
99625477
99625484
99625491
99627716
99628761
99629321
99630766
99630976
99631409
99631424
99632867
99633414
99633437
99635441
99635603
99635678
99636246
99637761
99637779
99638959
99639416
99639668
99639691
99640464
99641696
99641828
99642187
99642927
99643991
99644877
99645680
99648470
99649396
99649452
99650418
99650806
99651148
99652382
99653387
99653835
99654101
99655157
99655848
99655904
99657255
99657600
99657659
99659911
99661738
99662468
99663177
99663556
99666683
99667466
99668327
99668727
99668821
99668965
99671435
99671948
99672544
99672736
99672796
99673136
99673160
99673347
99673610
99674039
99674236
99675726
99675885
99675994
99676384
99676526
99677029
99678225
99678429
99679282
99679463
99680332
99680665
99680974
99681454
99681745
99682517
99682838
99682860
99682989
99683300
99683306
99683321
99683482
99683740
99683826
99683856
99684155
99684172
99684378
99684414
99684455
99684996
99685043
99685274
99685314
99685361
99685659
99685700
99685923
99686080
99686356
99686378
99686404
99686847
99687171
99687197
99687340
99687561
99687731
99687816
99687839
99687896
99688091
99688201
99688425
99688638
99688671
99688841
99688974
99689149
99689292
99689327
99689332
99689397
99689566
99695325
99696011
99696099
99696285
99696501
99696567
99696597
99696636
99696729
99696739
99697093
99697254
99697549
99697554
99697557
99697575
99697763
99697819
99697994
99698021
99698143
99698196
99698222
99698224
99698262
99698326
99698544
99698692
99698725
99698893
99699003
99699032
99699279
99699285
99699473
99699730
99699744
99700020
99700348
99700422
99700744
99700890
99701019
99701038
99701226
99701256
99701279
99701296
99701638
99701649
99701658
99701697
99701892
99701909
99701993
99702069
99702092
99702139
99702263
99702278
99702302
99702340
99702345
99702441
99702672
99702690
99702917
99702986
99703034
99703441
99703453
99703765
99703798
99703852
99703861
99704315
99704593
99704641
99704697
99704760
99704820
99705254
99705269
99705289
99705352
99705378
99705499
99705526
99705738
99705904
99705920
99705943
99706256
99706386
99706488
99706716
99706726
99706827
99706866
99707121
99707151
99707190
99707389
99707693
99707802
99707858
99707877
99708037
99708187
99708383
99708543
99708629
99708637
99708787
99708790
99708944
99709072
99709111
99709139
99709165
99709189
99709392
99709578
99709605
99709674
99709735
99709932
99710107
99710265
99710386
99710429
99710951
99711418
99711523
99711549
99711616
99711723
99711747
99711786
99711787
99711976
99712129
99712407
99712418
99712549
99712591
99712794
99712951
99713328
99713335
99713596
99713623
99713745
99713832
99713867
99714078
99714103
99714179
99714298
99714402
99714422
99714580
99714592
99714593
99714612
99714723
99714753
99714791
99714910
99714946
99714986
99715014
99715068
99715089
99715115
99715156
99715167
99715311
99715348
99715418
99715513
99715538
99715639
99715653
99715691
99715727
99715823
99716052
99716058
99716109
99716141
99716221
99716321
99716509
99716764
99716801
99716882
99716896
99716907
99716954
99716978
99716988
99717052
99717113
99717149
99717202
99717301
99717320
99717524
99717662
99717811
99717863
99717971
99718142
99718143
99718158
99718298
99718397
99718407
99718411
99718683
99718768
99718902
99718949
99718981
99719034
99719102
99719132
99719235
99719288
99719328
99719334
99719375
99719391
99719410
99719453
99719499
99719504
99719510
99719518
99719522
99719528
99719566
99719571
99719581
99719593
99719597
99719615
99719632
99719637
99719645
99719700
99719705
99719706
99719744
99719769
99719773
99719775
99719781
99719809
99719813
99719816
99719817
99719820
99719825
99719843
99719845
99719883
99719903
99719905
99719914
99719925
99719928
99719935
99719940
99719951
99719963
99719964
99719971
99719995
99720001
99720003
99720025
99720041
99720060
99720064
99720072
99720085
99720094
99720096
99720127
99720129
99720134
99720153
99720181
99720188
99720190
99720193
99720208
99720209
99720234
99720246
99720253
99720276
99720285
99720289
99720301
99720334
99720337
99720343
99720357
99720360
99720373
99720374
99720378
99720388
99720402
99720403
99720417
99720421
99720455
99720461
99720464
99720470
99720473
99720482
99720491
99720497
99720514
99720531
99720534
99720538
99720590
99720593
99720599
99720606
99720624
99720646
99720649
99720655
99720661
99720669
99720678
99720689
99720692
99720693
99720698
99720713
99720735
99720743
99720771
99720797
99720799
99720806
99720807
99720808
99720809
99720821
99720825
99720826
99720827
99720831
99720833
99720835
99720836
99720842
99720863
99720864
99720871
99720887
99720894
