11251
11543
11551
11722
11815
11999
12574
13036
13093
13113
13211
13643
13909
14407
14661
15451
15529
15817
16175
16278
16426
18596
18618
18810
31390
49967
86982
87314
89375
105335
105553
105558
105594
106335
106369
108175
108245
108294
117256
121012
121215
123594
124672
124690
125235
125844
125858
125875
126561
126594
126626
126927
127046
127177
127333
127477
127722
127950
128017
128351
128939
128966
129020
129073
129131
129223
129348
129424
129427
129448
129467
129548
129647
129676
129843
129875
129939
130037
130044
133168
133182
135472
140391
140416
140417
140500
210544
1062908
1101835
1246969
1248603
1256606
1272432
1287450
1300577
1309554
1309560
1309791
1310899
1311710
1311784
1312176
1312349
1592291
1605008
1611708
1641765
1742437
1846135
1873231
1873460
1939758
2039649
2072749
2081040
2087664
2088536
2097682
2116400
2501788
2961012
3131820
3135574
4159106
4266663
4271623
4273803
4274825
4281957
4284281
4285765
4602466
4602972
4603871
4604684
4608765
4617651
4617800
4968853
4999206
6274533
7610273
7965949
8626874
8627619
8627649
8627667
8627715
8628215
8629962
8629996
8634099
8634569
8637110
8637917
8639059
8641528
8643433
8648486
8649448
8650660
8716711
8722981
8733513
8734005
8747831
8767660
8782443
8816788
9096066
9108726
9125343
9201213
9201248
9204961
9375280
9390865
9414495
9414622
9419774
9431221
9432316
9451048
9451408
9455458
9474131
9478045
9479116
9508473
9509302
9538107
9569938
9570089
9831611
9849875
9876117
9879772
10163476
10187535
10296596
10299814
10342100
10369421
10440707
10464376
10468818
10489897
10501779
10526435
10536789
10602126
10619604
10631638
11689100
11698086
11717484
11717907
11721292
11727668
11740184
11829673
11835356
11844608
11845730
13005153
13023473
13026662
13078534
13116007
91001092
91001742
91010881
91017243
91020424
91029344
91035512
91063612
91077375
91079625
91081515
91082715
91083405
91086992
91098535
91099802
91104405
91107145
91109255
91109605
91110995
91111695
91113515
91120205
91122285
91141052
91594820
91608910
91621390
91753370
92023970
92027900
92584820
92588370
92594970
92621610
92665000
92672160
92677520
92686890
92712760
92724320
92750620
92755006
92819590
92841000
92858880
92859516
92866350
92935730
98010492
98011043
98011167
98011321
98011336
98011719
98011841
98012075
98012322
98012428
98012567
98012932
98013254
98013603
98014339
98014386
98014431
98014693
98014714
98015141
98015142
98015296
98015334
98016491
98016621
98016814
98017124
98021466
98024322
98032875
98033916
98039330
98040387
98043631
98052805
98053928
98054475
98054529
98054631
98055907
98056559
98057241
98057300
98057506
98058173
98058688
98059024
98059369
98059677
98060008
98060261
98062468
98062952
98065216
98065361
98065438
98065578
98066011
98066039
98066367
98066532
98067311
98067647
98068652
98068743
98074926
98074933
98084273
98089447
98090095
98090357
98090951
98092139
98092345
98092347
98092495
98093093
98093299
98093727
98094102
98094171
98095286
98095949
98096469
98114791
98114907
98115107
98117629
98117896
98118316
98119095
98119101
98120169
98120503
98120877
98120996
98122390
98122859
98122899
98122921
98123251
98123876
98124301
98124612
98124816
98125427
98126231
98126479
98126512
98126556
98128733
98128912
98128945
98130646
98130836
98131335
98131501
98131665
98131963
98132109
98132170
98133041
98133345
98133555
98133647
98134268
98135149
98135519
98136563
98136593
98136643
98147613
98147775
98148900
98148941
98149154
98149196
98149256
98149461
98150306
98150346
98150431
98150453
98150577
98150739
98151147
98151448
98151570
98151698
98151927
98152572
98152609
98154029
98154092
98154633
98154770
98155738
98155924
98156241
98156351
98156784
98156824
98157004
98157226
98157714
98157901
98158201
98158507
98158614
98158782
98158954
98168319
98168633
98168667
98168677
98169176
98169502
98172024
98172385
98172558
98172942
98173521
98173881
98174045
98178298
98178391
98178417
98178499
98178913
98179271
98180196
98180325
98180365
98180465
98181374
98182791
98183304
98184133
98184139
98184312
98186003
98186050
98186363
98186669
98186811
98187178
98187200
98187421
98187891
98203347
98203370
98203509
98204578
98208146
98208173
98208548
98210257
98211255
98211262
98211607
98212129
98212203
98213124
98213461
98213795
98213999
98214174
98214440
98215173
98215318
98215453
98215584
98217697
98217728
98219043
98219131
98220317
98220613
98221102
98230618
98237075
98238424
98238510
98238808
98238845
98239929
98240678
98240761
98243546
98243552
98244079
98244102
98244358
98244536
98244927
98245375
98245882
98245972
98246464
98246913
98247865
98249060
98249390
98249412
98249735
98249951
98250063
98250204
98250334
98250595
98250705
98250967
98251463
98251871
98252092
98253688
98254994
98255359
98255950
98256094
98256413
98256644
98257616
98257698
98258000
98259293
98260109
98260239
98261136
98261368
98261474
98261730
98262070
98262885
98264890
98264937
98266193
98266657
98266739
98268117
98268532
98268704
98270580
98271394
98273643
98275458
98276036
98276274
98277052
98277153
98277927
98277951
98278326
98279197
98279344
98279420
98279436
98279607
98279806
98280504
98282609
98283774
98283786
98283793
98284321
98289821
98289856
98290056
98290627
98291679
98292313
98293308
98293604
98294804
98295146
98295732
98295827
98295879
98297812
98298539
98298788
98298945
98299151
98299479
98299677
98300965
98301171
98301218
98301651
98302474
98302652
98302997
98303611
98303710
98306594
98306626
98306876
98307268
98308389
98309871
98310523
98310669
98310863
98312127
98312376
98312499
98313018
98313295
98313344
98314095
98315210
98316137
98317438
98317442
98317615
98317728
98317810
98318144
98318566
98318778
98318781
98319116
98320373
98320402
98321961
98322141
98322142
98322423
98322483
98323176
98323296
98323416
98324622
98325870
98337420
98344491
98347910
98349260
98358139
98359024
98359398
98359646
98360509
98360888
98360948
98361179
98361197
98362064
98362069
98362282
98362425
98368463
98368634
98372557
98373000
98373376
98381951
98385030
98385691
98385743
98386523
98386887
98387351
98387387
98388719
98389022
98389062
98389090
98390857
98391496
98392033
98392644
98392768
98392977
98393487
98393627
98393715
98393738
98394333
98394561
98397585
98399429
98399847
98399850
98400161
98400571
98400798
98401605
98402422
98402548
98402794
98402830
98403254
98403265
98403416
98420828
98428332
98504469
98508963
98511419
98513263
98517451
98518998
98530670
98536241
98537702
98538029
98538396
98538551
98540064
98540107
98540159
98540473
98540695
98540923
98557921
98558156
98558250
98559099
98559114
98560045
98561870
98562654
98563090
98563414
98564947
98565173
98565490
98566054
98566206
98567379
98571668
98572825
98573936
98576123
98586331
98589324
98593568
98600661
98604142
98604798
98604994
98605094
98605190
98605257
98606956
98607871
98608289
98608387
98638580
98638975
98640019
98640094
98658514
98658988
98659568
98659822
98659828
98660094
98660664
98662002
98664879
98665384
98665496
98665531
98665551
98665552
98665674
98665844
98666427
98666952
98667105
98667114
98667306
98667729
98668571
98669325
98669928
98676232
98679466
98679576
98679818
98680014
98685822
98697159
98699411
98701037
98701330
98702676
98704006
98704008
98704886
98705256
98705458
98705682
98717618
98717643
98717903
98719402
98728114
98728588
98729063
98729628
98729647
98730090
98735235
98735495
98738311
98739959
98740400
98743500
98743550
98743567
98744029
98744197
98745922
98746303
98746586
98747018
98748197
98748389
98748808
98748869
98749170
98750057
98750598
98750743
98750969
98751134
98751446
98755211
98758530
98781421
98784886
98785156
98788727
98790144
98790437
98792062
98795017
98799119
98799290
98802493
98802618
98802745
98802878
98803024
98805580
98805653
98805784
98806647
98806754
98808001
98809172
98809695
98812243
98812296
98812983
98812996
98815609
98816093
98817100
98821975
98822012
98823034
98826614
98826837
98828282
98828627
98829473
98830725
98831152
98831271
98831413
98831632
98832412
98832685
98832929
98832986
98833332
98833574
98834445
98835494
98835823
98837766
98838835
98838983
98854913
98855382
98856246
98856293
98856300
98857954
98858924
98861099
98861605
98861868
98861902
98862152
98864701
98865787
98866852
98868799
98869706
98870164
98870439
98871161
98871167
98871251
98871472
98871705
98871764
98871865
98872083
98872125
98876759
98879315
98891009
98892215
98893303
98893358
98893439
98893699
98893935
98895120
98895360
98896891
98897189
98897326
98897717
98897880
98897956
98898181
98898245
98898395
98898567
98898631
98898843
98900207
98900552
98901639
98902162
98902269
98902468
98905272
98905417
98905542
98905746
98914347
98914870
98915669
98916527
98918206
98918508
98918903
98919028
98919083
98919261
98920503
98920554
98920986
98921008
98921133
98921813
98921956
98923278
98925106
98929967
98938000
98938253
98938422
98939024
98939136
98940524
98941073
98941255
98941677
98942666
98942846
98943505
98944629
98944630
98944768
98946319
98946366
98946466
98946640
98947089
98947319
98954843
98955544
98955718
98955883
98955985
98956748
98978267
98982527
98983858
98996463
98996823
98997126
98997323
98998260
98998322
98999029
99000260
99000894
99000941
99001160
99001530
99002123
99002404
99003079
99003966
99004827
99012678
99014371
99021109
99021760
99022294
99023898
99025811
99026501
99029184
99033814
99037261
99050033
99050373
99051348
99053274
99061262
99061936
99062072
99062489
99063653
99063925
99064676
99065421
99066355
99067057
99067190
99067331
99067901
99068661
99068981
99090276
99090634
99090800
99090856
99092472
99092841
99093226
99093241
99093446
99093822
99094976
99096548
99097352
99097854
99097897
99098250
99098493
99098505
99098799
99101228
99107422
99107503
99107834
99108605
99108842
99109247
99109348
99109501
99110600
99110770
99115992
99116139
99119062
99119446
99120314
99122448
99122607
99123022
99123075
99123134
99124270
99124533
99124769
99125437
99126386
99126685
99128508
99128721
99129344
99129839
99130421
99130571
99130955
99131099
99131186
99133448
99133933
99135322
99135817
99136852
99139185
99139584
99139701
99140209
99140470
99141260
99144498
99144688
99145723
99147183
99148892
99149049
99149974
99161651
99161796
99162308
99162405
99162513
99162566
99162797
99163047
99163050
99163223
99163236
99163414
99164317
99164908
99165102
99165622
99166566
99166764
99166812
99167859
99167952
99168234
99168470
99169106
99171392
99171886
99173082
99173381
99173620
99174811
99176805
99178034
99178893
99179643
99180629
99181018
99182373
99182584
99182992
99183149
99190403
99190410
99190736
99191169
99191699
99192213
99192376
99192831
99193688
99193777
99194960
99195361
99195736
99195774
99196375
99197140
99197357
99197815
99198659
99199560
99199568
99200563
99200999
99201045
99201304
99202204
99202262
99202380
99228582
99229150
99229441
99229569
99229699
99230764
99232197
99234400
99239455
99239540
99242620
99244665
99251787
99252039
99253815
99253913
99255618
99256128
99256918
99257303
99257617
99257832
99257853
99258575
99259381
99259821
99260128
99263558
99263967
99264320
99264702
99264990
99265093
99265151
99265257
99265473
99265668
99265781
99267247
99268355
99268561
99268885
99269047
99269358
99271620
99272072
99272084
99273529
99273574
99273912
99275993
99276827
99277194
99277202
99277297
99280275
99283428
99286226
99287182
99287603
99288717
99288949
99290690
99290867
99292208
99293787
99293937
99294849
99295389
99297124
99297506
99297583
99297776
99297971
99298290
99298514
99299250
99299921
99300088
99303048
99303126
99303463
99303749
99303792
99304447
99305070
99305149
99305653
99305695
99307018
99308680
99309262
99311222
99311409
99312811
99313372
99314183
99314197
99314313
99315863
99316583
99316991
99318820
99319133
99320140
99321234
99321588
99322318
99322785
99324123
99324460
99324485
99324652
99325818
99326379
99326435
99329553
99330012
99330197
99331009
99331302
99331669
99332506
99333026
99333535
99334659
99335420
99335928
99337375
99337487
99337690
99339515
99339727
99340171
99340315
99340531
99340890
99341040
99342749
99343025
99343077
99343819
99344289
99345180
99345352
99345369
99345489
99345810
99347538
99347796
99347929
99347957
99348597
99349023
99349694
99350349
99350806
99351223
99352338
99353845
99353891
99354222
99354678
99355489
99357006
99357603
99358264
99358275
99358465
99358654
99359326
99359783
99359929
99360412
99361509
99362051
99362161
99362316
99362573
99363349
99364838
99365296
99365698
99366193
99367378
99367781
99368312
99368524
99368934
99368985
99369639
99369763
99370310
99370645
99371177
99372242
99372439
99373130
99374550
99375630
99375970
99376144
99376916
99377268
99377771
99378679
99378889
99379855
99380173
99381016
99382586
99383311
99383450
99383856
99384528
99384680
99384900
99384924
99385411
99385427
99385873
99386187
99386432
99386899
99387487
99388211
99388217
99388396
99388689
99388911
99390813
99390980
99391685
99391969
99393455
99394046
99394674
99394762
99394929
99394959
99395198
99395811
99397241
99397652
99397885
99398456
99398726
99398864
99399029
99400173
99401743
99402584
99403227
99403307
99403322
99403353
99403383
99403442
99405631
99405713
99406142
99406281
99406504
99408218
99408379
99408520
99409106
99409555
99410032
99410347
99410594
99411275
99411720
99411809
99412117
99412148
99412417
99412435
99414255
99414353
99415714
99415853
99416325
99416329
99417392
99417507
99417534
99417550
99417993
99418243
99418528
99418643
99418650
99418958
99418999
99419008
99419075
99419240
99419255
99419763
99419796
99420188
99420213
99420355
99420625
99421311
99422181
99422207
99422335
99423996
99424011
99424757
99425634
99426307
99426442
99426639
99427959
99428263
99428426
99428470
99428926
99430854
99431371
99431904
99432252
99432693
99432791
99433261
99434195
99434627
99434821
99435129
99436091
99436614
99436790
99436903
99438575
99439847
99439878
99441189
99441311
99441987
99442100
99442251
99442627
99443434
99443881
99444079
99444423
99444716
99445427
99445691
99446141
99446225
99446258
99448647
99448863
99449225
99450745
99450950
99450975
99451779
99452934
99453272
99453450
99454271
99454511
99454640
99455550
99456605
99456719
99457803
99457869
99458382
99458921
99459000
99459699
99460151
99460563
99460635
99460821
99461806
99462156
99462165
99462485
99462710
99462739
99463062
99463341
99463760
99464009
99464120
99464142
99464661
99465703
99466148
99466318
99466404
99466562
99468775
99468850
99469179
99469327
99469991
99470305
99470669
99470892
99472288
99472990
99473121
99473175
99473535
99473542
99474391
99474602
99475285
99476146
99476317
99478021
99478198
99479643
99480651
99480792
99481176
99481399
99481608
99481732
99482121
99482214
99482313
99482450
99483674
99483826
99483854
99484390
99484518
99485625
99485631
99486067
99486068
99486975
99487493
99488364
99488604
99488711
99488826
99488959
99489281
99489400
99489650
99489725
99490218
99492119
99492414
99492672
99493142
99493260
99493300
99493371
99494123
99494283
99494456
99494806
99495579
99513753
99514120
99514832
99516434
99516476
99516754
99517105
99517500
99517513
99517844
99518476
99518605
99518608
99518652
99518661
99519063
99519805
99520681
99521360
99521628
99523616
99523857
99524004
99524034
99524057
99524356
99524724
99525321
99525669
99525716
99526056
99526298
99526892
99527078
99527715
99528418
99529489
99529573
99529633
99529826
99530358
99530604
99530711
99531888
99532074
99532703
99533011
99533250
99533535
99533794
99533804
99534503
99534906
99535217
99535440
99535740
99536201
99536479
99536563
99537761
99538285
99539141
99539314
99540186
99540369
99540392
99541001
99542141
99542624
99542659
99542875
99543407
99543661
99543958
99544302
99544411
99544812
99545279
99545471
99545636
99546535
99546716
99546828
99548007
99548556
99548615
99549929
99551007
99552023
99552092
99552143
99552883
99552902
99553221
99553332
99553496
99553678
99553891
99553985
99554289
99554453
99555231
99555344
99555509
99555713
99555815
99557475
99558020
99558605
99558669
99558906
99559821
99560402
99560687
99560838
99560899
99561011
99561623
99563029
99563338
99563674
99563704
99563941
99564172
99565110
99565646
99566788
99567350
99567782
99568581
99568600
99568967
99569095
99569172
99569301
99569304
99569306
99569308
99570126
99570388
99570863
99570882
99570919
99571310
99571458
99571477
99572343
99572925
99573056
99573665
99574930
99575095
99575211
99575699
99576039
99576253
99576263
99576453
99576508
99576686
99577041
99577065
99577391
99577576
99578254
99578285
99579171
99579371
99579381
99579514
99579544
99579967
99580072
99580149
99580571
99580921
99580984
99581368
99581561
99582065
99582245
99582249
99582325
99582370
99582408
99582710
99582965
99583063
99584241
99584879
99585298
99585597
99585705
99585865
99586538
99586606
99586726
99586732
99586733
99587792
99587820
99588179
99588269
99589170
99589188
99589327
99589367
99589647
99589868
99589929
99590402
99590624
99590909
99591497
99592479
99592587
99592776
99592777
99592817
99593019
99593317
99593427
99594441
99594853
99594938
99595404
99595534
99595683
99595686
99596026
99596286
99596315
99596322
99596888
99596983
99597210
99597622
99598088
99598460
99598600
99598936
99599199
99599547
99599743
99599881
99600079
99600280
99600509
99600761
99601108
99601703
99601881
99601979
99602050
99603549
99604351
99604521
99604526
99604599
99604889
99605449
99605794
99605857
99605882
99605886
99606025
99606042
99606235
99606359
99606536
99606686
99606788
99607254
99607893
99608360
99608648
99609272
99609360
99609403
99609481
99609935
99610438
99610681
99610900
99611046
99611102
99611339
99611551
99611574
99611946
99612447
99612676
99613363
99613616
99613985
99614211
99614284
99615167
99615402
99615408
99616135
99616338
99616341
99617474
99617629
99618181
99618576
99618736
99618905
99619396
99619493
99619568
99619896
99620068
99620263
99620346
99620440
99620793
99621129
99621616
99621833
99622205
99622866
99622921
99623112
99623711
99624091
99624336
99624601
99625357
99627670
99628131
99628629
99628698
99629029
99629262
99629263
99630051
99630273
99631019
99631303
99631687
99631753
99631916
99632555
99633287
99633550
99633551
99634536
99634812
99634877
99635035
99635075
99635283
99635629
99636004
99636037
99636680
99637493
99638015
99638172
99638463
99638972
99639678
99641038
99641520
99641698
99641751
99642047
99642049
99642180
99642582
99642837
99642893
99643526
99643808
99644313
99644824
99644834
99644852
99644899
99645074
99645202
99646106
99646128
99646446
99646737
99647304
99647355
99647430
99647520
99647564
99647589
99647670
99648221
99648488
99648490
99648588
99649084
99649588
99650433
99650552
99650901
99650974
99651480
99651724
99652012
99652027
99652177
99652203
99652387
99652546
99652587
99652700
99653039
99653059
99653246
99653742
99653768
99653828
99653895
99654338
99654419
99654491
99655020
99655092
99655184
99656011
99656626
99656830
99657430
99657608
99657640
99657733
99657878
99657898
99657945
99657987
99658060
99658189
99658559
99658577
99658642
99658890
99659652
99659761
99659965
99660101
99660131
99660331
99660424
99660613
99660639
99660738
99660881
99661051
99661135
99661427
99661654
99661980
99662165
99662268
99662731
99663015
99663150
99663286
99663795
99664223
99664344
99664560
99664607
99664794
99664925
99665412
99665824
99665998
99666071
99666095
99666186
99666354
99666663
99666684
99666706
99666728
99666932
99667543
99667623
99669137
99669362
99669442
99669453
99669468
99669802
99669849
99669886
99670446
99670576
99670779
99670915
99671326
99671473
99671954
99672054
99672251
99673066
99673216
99673821
99674083
99674174
99674376
99674470
99674499
99675140
99675703
99675842
99675874
99676030
99677094
99677249
99677345
99677449
99678008
99678070
99678161
99678756
99678831
99679086
99679106
99679144
99679344
99679670
99679758
99679975
99680014
99680288
99680381
99680693
99680714
99681138
99681152
99681399
99681532
99681552
99681600
99681800
99681981
99682231
99682234
99682309
99682422
99682676
99682857
99683019
99683266
99683341
99683387
99683996
99684056
99684129
99684176
99684194
99684278
99684768
99684842
99684879
99684967
99684973
99685111
99685285
99685328
99685339
99685819
99685915
99685921
99685936
99686078
99686247
99686634
99686830
99686889
99686945
99686969
99687345
99687412
99687523
99687723
99687866
99687884
99688721
99688755
99688787
99688844
99689099
99689134
99689166
99689458
99689726
99689736
99689738
99689826
99689871
99689880
99695243
99695375
99695968
99696217
99696314
99696415
99696438
99696606
99696646
99696953
99696963
99697192
99697203
99697227
99697348
99697361
99697380
99697391
99697664
99697929
99698033
99698363
99698405
99698536
99698569
99698571
99698646
99698653
99698668
99698672
99698997
99699328
99699391
99699413
99699581
99699685
99699801
99700120
99700321
99700691
99700819
99700892
99700930
99700939
99701036
99701050
99701170
99701435
99701460
99701629
99701631
99701640
99701748
99702007
99702228
99702257
99702341
99702377
99702578
99702686
99702902
99703178
99703179
99703191
99703539
99703866
99704062
99704952
99704985
99705076
99705171
99705261
99705726
99705734
99705756
99705945
99706105
99706323
99706414
99706780
99706781
99706782
99706790
99706806
99706816
99707020
99707217
99707219
99707575
99707676
99707825
99707871
99708109
99708244
99708432
99708465
99708627
99708698
99708724
99708777
99708901
99708924
99708994
99709358
99709359
99709366
99709431
99709455
99709456
99709458
99709512
99709584
99709618
99709654
99709757
99709943
99710052
99710107
99710168
99710177
99710201
99710283
99710341
99710452
99710489
99710511
99710638
99710977
99711057
99711109
99711380
99711492
99711740
99711819
99712192
99712257
99712341
99712522
99712555
99712625
99712794
99712881
99713220
99713310
99713318
99713391
99713493
99713532
99713566
99713637
99713725
99713742
99713909
99713968
99714035
99714083
99714117
99714241
99714272
99714274
99714466
99714527
99714551
99714861
99714921
99714948
99715122
99715213
99715670
99715798
99715942
99716393
99716472
99716707
99716893
99717169
99717706
99717877
99718178
99718534
99718699
99718733
99718802
99718837
99718864
99718952
99719003
99719026
99719047
99719496
99719624
99719668
99719679
99719750
99720335
99720344
99720659
99720769
99720846
99721046
99721083
99721104
99721120
99721155
99721281
99721293
99721389
99721597
99722286
99722304
99722342
99722598
99722856
99722993
99723019
99723060
99723108
99723311
99723361
99723396
99723438
99723495
99723866
99723876
99723996
99724062
99724525
99724548
99724958
99725190
99725210
99725873
99726002
99726099
99726338
99726339
99726378
99726393
99726708
99726737
99726945
99727575
99727786
