14087
14240
14497
14956
16085
18584
22910
23490
25387
33788
41198
55333
86809
86957
103993
105331
108236
121360
126034
126132
126143
126264
127242
128039
128042
128359
128421
128844
128873
128944
129220
129476
129709
135407
140288
140371
140604
1175818
1230486
1265281
1280447
1289295
1310567
1312621
1312802
1752981
1861221
1881222
1886027
1888872
1889388
1891795
1892977
1893596
1937745
2000920
2003808
2014381
2020630
2022316
2058769
2087831
2110601
2110671
2501912
2504794
2589295
2590891
2598638
2607614
2677226
2945124
2949915
2950124
3629525
3630943
4151751
4170533
4171016
4171260
4264549
4274277
4603858
4625184
4962039
8626574
8626686
8637204
8638738
8638807
8639936
8641573
8702616
8716674
8718313
8729183
8734189
8734616
8762019
8765424
8780575
8784249
8802527
8807511
8819930
8821280
9057063
9058522
9080000
9081093
9116089
9116094
9117509
9119532
9122144
9122954
9148185
9159809
9165298
9183258
9187335
9198313
9393515
9399071
9414252
9414729
9431526
9436841
9439794
9448743
9450984
9452065
9455352
9460032
9474345
9488104
9494290
9495177
9495787
9498409
9499303
9507931
9531347
9570521
9589226
9592916
9598979
9615339
9615483
9618738
9636027
9655454
9679233
9686077
9844515
9852331
9877727
10158330
10165401
10169065
10203327
10224848
10229340
10242537
10261994
10267369
10283659
10287824
10297561
10297609
10298690
10301927
10307850
10318332
10324030
10340802
10343652
10353822
10363444
10371831
10386687
10398247
10400470
10416012
10419716
10441756
10477535
10485872
10489519
10495345
10495902
10497373
10501228
10519509
10536362
10553324
10555699
10574916
10589120
10590906
10601752
10609311
10615673
10616840
10619132
10624155
10624950
10630407
10632283
10648148
11685658
11685680
11691044
11709768
11716537
11731614
11731662
11734591
11755162
11761570
11775235
11777246
11804079
11832603
11838240
13006084
13011056
13013582
13013715
13021720
13025463
13026593
13038694
13041082
13074941
13075900
13080086
13080287
13102138
13106366
13135694
64431022
91000472
91014854
91021884
91029064
91037454
91052743
91054534
91070065
91079055
91080015
91082155
91096605
91098495
91100345
91107885
91117755
91123175
91129345
91137295
91555260
91590100
91610900
91717880
91731820
91738920
91751520
91793771
91794331
91803190
91845570
91847760
92580490
92588240
92604150
92615860
92621750
92656130
92673020
92681030
92689760
92701470
92717080
92717220
92734150
92744690
92795220
92829120
92863291
92866420
92892680
93026350
98000442
98010735
98011029
98011167
98011249
98011411
98011902
98011910
98012045
98012060
98012272
98012826
98012881
98012922
98012990
98014599
98015340
98015590
98015917
98016474
98016612
98016626
98016666
98017025
98018721
98021164
98021369
98022587
98024080
98024230
98026283
98027437
98030529
98034871
98035523
98042777
98043145
98043326
98045842
98046217
98047708
98048198
98049081
98049242
98050447
98053105
98053244
98053314
98053967
98053977
98053994
98054388
98054439
98054474
98054785
98054869
98056589
98057055
98057069
98057153
98057355
98057532
98057682
98058028
98058086
98058100
98058215
98058694
98059683
98060059
98060214
98060325
98062456
98064337
98064445
98065004
98065437
98065496
98065610
98065900
98066554
98066588
98066900
98067085
98067648
98067950
98068223
98068445
98068480
98068627
98068665
98081065
98082974
98084147
98084310
98088157
98088217
98090873
98090888
98091013
98091117
98091263
98091290
98091586
98091709
98091815
98091837
98092163
98092480
98092505
98092662
98092811
98093022
98093342
98093493
98093547
98094269
98094534
98094568
98095109
98095215
98095350
98095522
98095756
98114313
98115465
98115488
98115569
98115902
98116004
98117289
98117405
98117417
98117618
98117628
98117699
98117829
98118019
98118431
98118559
98118644
98119333
98119782
98120594
98121444
98121573
98121959
98121961
98122085
98122557
98122562
98122622
98123459
98123930
98125346
98125403
98126131
98126181
98126287
98128199
98128324
98128436
98128907
98128951
98129041
98129175
98129248
98129423
98129465
98129639
98130117
98130266
98130310
98130348
98130538
98130863
98130888
98130898
98131254
98131286
98131500
98131939
98132101
98132275
98132990
98133518
98133536
98133569
98133781
98133994
98134358
98134514
98134645
98134762
98135023
98135583
98135594
98136054
98136223
98136594
98147030
98147083
98147438
98147563
98147623
98147647
98147732
98147855
98147900
98148011
98148076
98148265
98148380
98148454
98148547
98148559
98148778
98149010
98149827
98149911
98150068
98150197
98150292
98150385
98150510
98150694
98150788
98150884
98151082
98151683
98152120
98152672
98153462
98154177
98154410
98154509
98154685
98154702
98154872
98155355
98155557
98155934
98156087
98156293
98156975
98157480
98157641
98158228
98158387
98158389
98158605
98159400
98159712
98159811
98159851
98160121
98168165
98168358
98168363
98168664
98168681
98168886
98169572
98169702
98169846
98170352
98170358
98170549
98170566
98170760
98170938
98171141
98171251
98171591
98171606
98171789
98171953
98172160
98172268
98173282
98174015
98174374
98174469
98178335
98178779
98179079
98179658
98179801
98180393
98180568
98181311
98182013
98182210
98182341
98182670
98183540
98183679
98183941
98184145
98184622
98185903
98186391
98186406
98186745
98186810
98186898
98187243
98188062
98189392
98190634
98192335
98194655
98203044
98203698
98203807
98203914
98204012
98204020
98204184
98204270
98204557
98205106
98205848
98207678
98208222
98209315
98209505
98209528
98209910
98210136
98210223
98210314
98211174
98211446
98212005
98212463
98213258
98213467
98213616
98213659
98213894
98214287
98214307
98214430
98214800
98215019
98215206
98216783
98216830
98216908
98217018
98217037
98217444
98218135
98218329
98218758
98218799
98219520
98220144
98220308
98220384
98220516
98220821
98220849
98221016
98221269
98221313
98226430
98226838
98229887
98232530
98233736
98234914
98237806
98238189
98238471
98238687
98238867
98239040
98239644
98240184
98240299
98240662
98241143
98241430
98241476
98241720
98242651
98242698
98242999
98243057
98244348
98245179
98245347
98246357
98246461
98247261
98247779
98247982
98249046
98249552
98249994
98250019
98250242
98250688
98251094
98252100
98252105
98252328
98252392
98252559
98252707
98252769
98253573
98254629
98254667
98254700
98255108
98255244
98255500
98255684
98256663
98256870
98257150
98257192
98257280
98257506
98257669
98257919
98257936
98257975
98258209
98258454
98258830
98259072
98259853
98260592
98260792
98261206
98261371
98261405
98261564
98262689
98262706
98263028
98263536
98263585
98263640
98263815
98264060
98264684
98264701
98266041
98266573
98267008
98267416
98267612
98267710
98267720
98267764
98268257
98268915
98270527
98271883
98272054
98272366
98273178
98274583
98274909
98275173
98275223
98275236
98275507
98276113
98276676
98277090
98277346
98277657
98277682
98277946
98277953
98278547
98278948
98279407
98279416
98279501
98280159
98281543
98281709
98282298
98285367
98288498
98288530
98288802
98289089
98289220
98290065
98291413
98291477
98291962
98292129
98292352
98292614
98292678
98293704
98293934
98294649
98294729
98294929
98295150
98295670
98295691
98295901
98296542
98296759
98298025
98298606
98298685
98299105
98299385
98299739
98299805
98299840
98299854
98300117
98300502
98301510
98301806
98301866
98301985
98302492
98302548
98302694
98303327
98303534
98306558
98307039
98307808
98308463
98308496
98309029
98309037
98309464
98309496
98309813
98310289
98310393
98310667
98310707
98311380
98311391
98311693
98311717
98314194
98314630
98314740
98315118
98315179
98315360
98315948
98316100
98316177
98316277
98316321
98316462
98316659
98317208
98317513
98318033
98318522
98318615
98319732
98319873
98320374
98321418
98321921
98322114
98322375
98323120
98323293
98324028
98324125
98324160
98324240
98324471
98324574
98325177
98325554
98325711
98325730
98326918
98327471
98328013
98328825
98331381
98332791
98334009
98338408
98339259
98340612
98340944
98341231
98344831
98347551
98348638
98348740
98349017
98349196
98349274
98350140
98350883
98357727
98358474
98359234
98359327
98360005
98361166
98361913
98362121
98362408
98362418
98362816
98362962
98363207
98370777
98372254
98372264
98372530
98372542
98372683
98372691
98373400
98373428
98373482
98385051
98385341
98385380
98386009
98386048
98386386
98386621
98386940
98387496
98387823
98387924
98388898
98389933
98389954
98390297
98390486
98390573
98390674
98390941
98391008
98391078
98391224
98391796
98391917
98392178
98392593
98392899
98392934
98393087
98393422
98394057
98394073
98394361
98394476
98394531
98394551
98395436
98398620
98398682
98398958
98399101
98399617
98399619
98400085
98400298
98400720
98401181
98401184
98401841
98401897
98402360
98402452
98402593
98402863
98403020
98403848
98413276
98414653
98416755
98419888
98420120
98422714
98422922
98423809
98425230
98426188
98427628
98428774
98429328
98429566
98499218
98506881
98507326
98509294
98511611
98512193
98517003
98517343
98517638
98519175
98520570
98524944
98528062
98529064
98530718
98530743
98531740
98533499
98534412
98534555
98536716
98537483
98537548
98537591
98537968
98538572
98539408
98539522
98539530
98539569
98539587
98539863
98539891
98540332
98540635
98540754
98540971
98541000
98545195
98546319
98546788
98546795
98546980
98550958
98553717
98554869
98555363
98555563
98556665
98557607
98559373
98560203
98561561
98561832
98562021
98562089
98562246
98562628
98562904
98562962
98563048
98563108
98563362
98564062
98564343
98564682
98565195
98565619
98565660
98565843
98565917
98566156
98570277
98572670
98573505
98581429
98582154
98586640
98587792
98590630
98593330
98593579
98595782
98596327
98597304
98604441
98604601
98605279
98605819
98606576
98607575
98607586
98607658
98638378
98638381
98638798
98638850
98639641
98639997
98640082
98640665
98641907
98644325
98647716
98648657
98649124
98655258
98657834
98658173
98658493
98658872
98659538
98660999
98661139
98661373
98661426
98661732
98661924
98661999
98663705
98664080
98664107
98664389
98664519
98664736
98664828
98665333
98666233
98666311
98666383
98666569
98666764
98667417
98667531
98668010
98668031
98668227
98668313
98668314
98668790
98668897
98669219
98676528
98678745
98681310
98683239
98683569
98684746
98685563
98686040
98686139
98689853
98693904
98695079
98696125
98696325
98696994
98697129
98697146
98697154
98697440
98698729
98699352
98699370
98700008
98700060
98700214
98700783
98701094
98701514
98701534
98701692
98701720
98701900
98702003
98702014
98702199
98703245
98704569
98704820
98705079
98705633
98706480
98706944
98706998
98707097
98707246
98707842
98709647
98709767
98710856
98710957
98711222
98711342
98711545
98711646
98711665
98711766
98711788
98711848
98711949
98712099
98717600
98718099
98718294
98725144
98726984
98727444
98727606
98728002
98728203
98728458
98729735
98730085
98730134
98730422
98731185
98731582
98736747
98740168
98740289
98743286
98743549
98743844
98743972
98744111
98744628
98745754
98746070
98746155
98746714
98746780
98746957
98747910
98748013
98748070
98748273
98748991
98749398
98750374
98750790
98750812
98751090
98751860
98758503
98758762
98771593
98781288
98781322
98782259
98784825
98787684
98792347
98800071
98800593
98800595
98800926
98801005
98801654
98801856
98801942
98802313
98802920
98803553
98803561
98803735
98805361
98805733
98805945
98806053
98806477
98807145
98807268
98808721
98809009
98809034
98809049
98809261
98811089
98811972
98812654
98812658
98813006
98813063
98813115
98815890
98817135
98821933
98823094
98826253
98826669
98826928
98827091
98827099
98827163
98827445
98827896
98827977
98828222
98828405
98829463
98829555
98830246
98830487
98830570
98831241
98832231
98832456
98832740
98833093
98833606
98834160
98834217
98834398
98835303
98836005
98836558
98837713
98838160
98839914
98841567
98842497
98843141
98843655
98845323
98845795
98848144
98848221
98848921
98848985
98853677
98854624
98855197
98855470
98858823
98858830
98859125
98859922
98860221
98860983
98861029
98861444
98864311
98864711
98865398
98865467
98865493
98866751
98868768
98869197
98869464
98869730
98870367
98871047
98871140
98872317
98872725
98873299
98873427
98873432
98878581
98878706
98879518
98879887
98879897
98880005
98880064
98880878
98883931
98887205
98887905
98888190
98891707
98891844
98892259
98892279
98892523
98892640
98893069
98893257
98893550
98893569
98894265
98894668
98894978
98895177
98895344
98895536
98896603
98897694
98897846
98897938
98897976
98898448
98898588
98899042
98899840
98899971
98900240
98900357
98900519
98900672
98901492
98901525
98901589
98901985
98902145
98902311
98903281
98904736
98905368
98905797
98905805
98914205
98914998
98915176
98915286
98915450
98915524
98916559
98916735
98916804
98916979
98917017
98917808
98917845
98918163
98918430
98918618
98918796
98918897
98919104
98919480
98919919
98920077
98921923
98922122
98922528
98923101
98924230
98924540
98926079
98927956
98928141
98928476
98931733
98938852
98938908
98940193
98940543
98940585
98941237
98941430
98941611
98941645
98941802
98942935
98943167
98943175
98944147
98944161
98944639
98944973
98945051
98945211
98945656
98945714
98945755
98945771
98945855
98945893
98947069
98948717
98953189
98954110
98954961
98955104
98955317
98955609
98956367
98956594
98959015
98959432
98960164
98960972
98961598
98967037
98967071
98967080
98967303
98981312
98981326
98981412
98981597
98982534
98982580
98985662
98990930
98995882
98996272
98996324
98996670
98996899
98996970
98997950
98998464
98998477
98999088
98999145
98999286
98999526
98999848
98999867
99000182
99000586
99000600
99001122
99001382
99002100
99002157
99002563
99002881
99003588
99003938
99008239
99012918
99013389
99014057
99014312
99022894
99023191
99023233
99023355
99023778
99024094
99024197
99024442
99025122
99025507
99026485
99027211
99027380
99029614
99031777
99037454
99040562
99048508
99049237
99049239
99049627
99049666
99050064
99050201
99050508
99051126
99051378
99051389
99051689
99051751
99051946
99052171
99052257
99053599
99055857
99058784
99061853
99062241
99063088
99063343
99063879
99064089
99064213
99064250
99064654
99064997
99065093
99065286
99065325
99066314
99066694
99066750
99067417
99067715
99067736
99068072
99068444
99070498
99073831
99076447
99076723
99090704
99090788
99090973
99091627
99092446
99092964
99093878
99094013
99095591
99095871
99096286
99096411
99096428
99096991
99098047
99098562
99106080
99107843
99107854
99108144
99108294
99108552
99108892
99109001
99109228
99116114
99116136
99116186
99117414
99120723
99121268
99121406
99121483
99122328
99122636
99122734
99123579
99123804
99124606
99125190
99125437
99125801
99126365
99126379
99126542
99126551
99127321
99128554
99129323
99129493
99129571
99130135
99130488
99131133
99132095
99133358
99135067
99135472
99135574
99135576
99135721
99135780
99135875
99136057
99136148
99136199
99136215
99137056
99137390
99137663
99137809
99138038
99138250
99138945
99139842
99145607
99147802
99148216
99148513
99149862
99152539
99155268
99157882
99161798
99161970
99162104
99162278
99162382
99162862
99163373
99163403
99163619
99164329
99165158
99165341
99165553
99166241
99166715
99167340
99167536
99168086
99168427
99168967
99169278
99169668
99170052
99170280
99171358
99171928
99172175
99172303
99172370
99172712
99172832
99173028
99173384
99173717
99173886
99174662
99175329
99176030
99177262
99177292
99178519
99178637
99178904
99179210
99179317
99179598
99179739
99180478
99180597
99180764
99180994
99181188
99181285
99181667
99182633
99182701
99182976
99183686
99183927
99185281
99189224
99189622
99189852
99190487
99190647
99190787
99191275
99191371
99191390
99191858
99192148
99192809
99193202
99193282
99194265
99194679
99194798
99194813
99194861
99194923
99194958
99195269
99195314
99195466
99195502
99195531
99195632
99195707
99195943
99196116
99196665
99196991
99197287
99197289
99197330
99197615
99197624
99197907
99198162
99198516
99198664
99198992
99199245
99199365
99199582
99199730
99199906
99200774
99201146
99202377
99202447
99202688
99228369
99228608
99229613
99231936
99244314
99250822
99251415
99251593
99252482
99253390
99253662
99254443
99255002
99255202
99255272
99255297
99255720
99256866
99257021
99257465
99258102
99258155
99258261
99258342
99258511
99259328
99259419
99259771
99262028
99263797
99263842
99264260
99264374
99264570
99266702
99266762
99267339
99267672
99268045
99269502
99270225
99270744
99270810
99270969
99271079
99273676
99273795
99274561
99274593
99275074
99275621
99275982
99276409
99282834
99283029
99283428
99284518
99284948
99285143
99285645
99286238
99286649
99286705
99287170
99287179
99287272
99287887
99288328
99288926
99289043
99289116
99289243
99289461
99289674
99289992
99291426
99291762
99292220
99292378
99292606
99292940
99293126
99294012
99294343
99294783
99295195
99295320
99295425
99295500
99295577
99295632
99295683
99295730
99296022
99296136
99296914
99296952
99297042
99297426
99298753
99298937
99298970
99299035
99299482
99300118
99300169
99300582
99300683
99300779
99300979
99301348
99302172
99302470
99302593
99302871
99302895
99303575
99303645
99303686
99304182
99304238
99304524
99304775
99305057
99305708
99306228
99306280
99306519
99306884
99307163
99307627
99307656
99309036
99309824
99310218
99310476
99310619
99310788
99311640
99312307
99312312
99312373
99312678
99314026
99314587
99314842
99314872
99315002
99315208
99315533
99315692
99315791
99316003
99316138
99316235
99316567
99317113
99317359
99318075
99318101
99318731
99319132
99319330
99319473
99320583
99320787
99321161
99321208
99321351
99321725
99322031
99322218
99322328
99322507
99322762
99323074
99323164
99323900
99324132
99324193
99324722
99324860
99324942
99325512
99325923
99326090
99326244
99326679
99327188
99327237
99327520
99327962
99328002
99328210
99328419
99328531
99328570
99328664
99329865
99330317
99330344
99330370
99330440
99330848
99330941
99331596
99331886
99331968
99332111
99332241
99333038
99333203
99333805
99334977
99335067
99335385
99335594
99335665
99336129
99337306
99337636
99337687
99337690
99338196
99338769
99338997
99339427
99339454
99339850
99340360
99341059
99342371
99342402
99342782
99342954
99343264
99344951
99344995
99345430
99345459
99345735
99345995
99346708
99347254
99347499
99347531
99347795
99347855
99347886
99348114
99348541
99349581
99349640
99349930
99350147
99350218
99351159
99351257
99351405
99351669
99351676
99352189
99352515
99352659
99352668
99352753
99352883
99352925
99352951
99353555
99354035
99355381
99355605
99355666
99355860
99356515
99358107
99358216
99358307
99358775
99359020
99359587
99359871
99359895
99359992
99360226
99360247
99360449
99360508
99360751
99360888
99361264
99361881
99362450
99362538
99362588
99362768
99363626
99363635
99364177
99364526
99364786
99365055
99365091
99365129
99365197
99365527
99365775
99365845
99365882
99366345
99366418
99367072
99367438
99367756
99367778
99368172
99368493
99368790
99369729
99370228
99370461
99370471
99370971
99371493
99371622
99371710
99372109
99372140
99372687
99373165
99373798
99374685
99374700
99374784
99374798
99374881
99374978
99374990
99375103
99375360
99375752
99376381
99376399
99376499
99376501
99376786
99377310
99377986
99378672
99379629
99379637
99379835
99379899
99379991
99380217
99380494
99380555
99381029
99381440
99381851
99382049
99382283
99382724
99382746
99382909
99383083
99383564
99383581
99384004
99384556
99384689
99385220
99385273
99385334
99385424
99385712
99386204
99386644
99387879
99388029
99388688
99388928
99389481
99389486
99389560
99389868
99390040
99390147
99390553
99390602
99390633
99391160
99391229
99391769
99391981
99392418
99392707
99393729
99394164
99394680
99394910
99395129
99395265
99395457
99395586
99395598
99395652
99395670
99395898
99396493
99396768
99396780
99396848
99397438
99397602
99398375
99398504
99398567
99398863
99398942
99399204
99399251
99399255
99399470
99399600
99399894
99400780
99400871
99400945
99401052
99401134
99401344
99401983
99402116
99402602
99402648
99403482
99403834
99403867
99403876
99403989
99404050
99404405
99404653
99404725
99404866
99404890
99404946
99406105
99406458
99406498
99406816
99406933
99407158
99407410
99407783
99408204
99408399
99408602
99408679
99408905
99408920
99409025
99409463
99409477
99409663
99409835
99410224
99410253
99410842
99410926
99412111
99412496
99412844
99412982
99412995
99413822
99414134
99414213
99414390
99414968
99415483
99416132
99416287
99416362
99416436
99417091
99417251
99417948
99418187
99418554
99418618
99418719
99419898
99420242
99420369
99420538
99421131
99421773
99421887
99422389
99422598
99422834
99422976
99423325
99423475
99423595
99423720
99423736
99424294
99424902
99424912
99425085
99425240
99425431
99425719
99426605
99426684
99427113
99427915
99427949
99428010
99428629
99428874
99429048
99429430
99429640
99429649
99429724
99429759
99430035
99430044
99430119
99430592
99430593
99431254
99431257
99431933
99432077
99432102
99432135
99432273
99432463
99433373
99434276
99434468
99434547
99435083
99435280
99435412
99435570
99435772
99435879
99435883
99436416
99436592
99436659
99436686
99436749
99436820
99436947
99436967
99437066
99437239
99438483
99438917
99438952
99439146
99439208
99439238
99440469
99440906
99441673
99442522
99443084
99443209
99443385
99443813
99443917
99444277
99444339
99444418
99444776
99444870
99444881
99445068
99445098
99445473
99445497
99445622
99446076
99446082
99446295
99447114
99447355
99447422
99447532
99448079
99448562
99448839
99448976
99449253
99449678
99451198
99451316
99451340
99451359
99451378
99451458
99451470
99451944
99452050
99452541
99453341
99453625
99453974
99454808
99454943
99455150
99455210
99455737
99455783
99455900
99456057
99456127
99456158
99456887
99457071
99457119
99457142
99457513
99457522
99457590
99457884
99458307
99458602
99458677
99459950
99460506
99460579
99460746
99460879
99461289
99461439
99461710
99462260
99462467
99462872
99463149
99463393
99463420
99463859
99464043
99464073
99464337
99464430
99464487
99464492
99464719
99465291
99465534
99465605
99465692
99465813
99465969
99467368
99468317
99468779
99469381
99469908
99471213
99471232
99471729
99472422
99472532
99472533
99473327
99473853
99473902
99474017
99474471
99475318
99475743
99475876
99476646
99477169
99477688
99478216
99478243
99478267
99478282
99478707
99478879
99479000
99479164
99479957
99480159
99480294
99480534
99480738
99480757
99480982
99481257
99481310
99481443
99481556
99481651
99481936
99481949
99482213
99482837
99482844
99483351
99483555
99483723
99483740
99483774
99484148
99484366
99484581
99484640
99484805
99484894
99484947
99484954
99485156
99485308
99485560
99486320
99486742
99487684
99487738
99487952
99488018
99488082
99488310
99488316
99488531
99488596
99488769
99489174
99489733
99489848
99490343
99490345
99490423
99490531
99490614
99491056
99491207
99491555
99491771
99491821
99492825
99492976
99493072
99493207
99493268
99493353
99493575
99493694
99493909
99494140
99494303
99494436
99494737
99494984
99495065
99495163
99495374
99495481
99495595
99495774
99514064
99514154
99514445
99514565
99514659
99514772
99514892
99514964
99515000
99515190
99515473
99516347
99517041
99517506
99517768
99517823
99517831
99517834
99518015
99518198
99518447
99518888
99519021
99520030
99520144
99520442
99520691
99520738
99520951
99521209
99521700
99521823
99521887
99521891
99522042
99522145
99522261
99522390
99522401
99522844
99522940
99523705
99523713
99523723
99523975
99524005
99524039
99526055
99526884
99527259
99527439
99527662
99527702
99528573
99528637
99528753
99529224
99529713
99530219
99530447
99530629
99530975
99531127
99531149
99531227
99531513
99531976
99532329
99532693
99532989
99533118
99533231
99533403
99533444
99533838
99534063
99534335
99534367
99534493
99534506
99535011
99535123
99535165
99535174
99535554
99535802
99535933
99535937
99535982
99536652
99536714
99536844
99537214
99537284
99537598
99537922
99537998
99538279
99538483
99538563
99539001
99539075
99539296
99539354
99539493
99540287
99540302
99540349
99540498
99540821
99541000
99541319
99541562
99541643
99541853
99541911
99541914
99542769
99543023
99543389
99543719
99543975
99544096
99544137
99544487
99544540
99544817
99544839
99545085
99545123
99545492
99546477
99546707
99546752
99546766
99546799
99547236
99547788
99547898
99548154
99548589
99549287
99549360
99549743
99550984
99551421
99551934
99552135
99552324
99552537
99553233
99553343
99553411
99553798
99553800
99554790
99554867
99554940
99555340
99555472
99555780
99555913
99556122
99556376
99556487
99556492
99556926
99557331
99557679
99558013
99558131
99558174
99558197
99558203
99558489
99558962
99559452
99559590
99559879
99560052
99560492
99560711
99560846
99561179
99561243
99561264
99561402
99561698
99561705
99561874
99562175
99562313
99562422
99562549
99562792
99563040
99563109
99563132
99563627
99563859
99563960
99564838
99564871
99564965
99564969
99565046
99565191
99565200
99565873
99566085
99566164
99566222
99566336
99566952
99567283
99567499
99567580
99567730
99567788
99568479
99568806
99568949
99569025
99569293
99569363
99569403
99569423
99569425
99569637
99570021
99570519
99570598
99570677
99571198
99571506
99571788
99572254
99572305
99572330
99572364
99572459
99572702
99572862
99573414
99573794
99573910
99574156
99574413
99575682
99575714
99575791
99575830
99576302
99576829
99577042
99577107
99577170
99577310
99577361
99577657
99577658
99577725
99577744
99577783
99577905
99578009
99578114
99578303
99578479
99578816
99578990
99579493
99579568
99579693
99579741
99580010
99580294
99580327
99580357
99580425
99580428
99580536
99580594
99580652
99580846
99580957
99581124
99581133
99581169
99581382
99582037
99582617
99582688
99582831
99583018
99583319
99583366
99583786
99584450
99585318
99585511
99586249
99586324
99586399
99586872
99587012
99587131
99587296
99587406
99588136
99588140
99588159
99588270
99588286
99588888
99588910
99589089
99589273
99589290
99589570
99589686
99589809
99589824
99589993
99590121
99590420
99590488
99590768
99591048
99591246
99591368
99591858
99591880
99592591
99592984
99593033
99593226
99593737
99593990
99594638
99594761
99594798
99594938
99594958
99594980
99595006
99595120
99595144
99596121
99596136
99596329
99596344
99596347
99596610
99596698
99596853
99597637
99597870
99597986
99598015
99598071
99598137
99598572
99598754
99599062
99599097
99599298
99599488
99599539
99599691
99599725
99599733
99599966
99601278
99601308
99601417
99601854
99601880
99602047
99602369
99602415
99602469
99602524
99602550
99602970
99603177
99603227
99603272
99603342
99603451
99603718
99603795
99604067
99604141
99604324
99604568
99604818
99604872
99605308
99605376
99605467
99605533
99605648
99605656
99605869
99606107
99606248
99606423
99606494
99606672
99606794
99606948
99606997
99607450
99607497
99607715
99607787
99608090
99608611
99608666
99608691
99608986
99609180
99609191
99609339
99609488
99610360
99610492
99611132
99611173
99611310
99611329
99611407
99611439
99611726
99611812
99612211
99612538
99612754
99613085
99613087
99613163
99613223
99613253
99613502
99613659
99613961
99613980
99614041
99614526
99615065
99615343
99615985
99616312
99616562
99616715
99616755
99617095
99617098
99617278
99617318
99617733
99618119
99618232
99618556
99618587
99618644
99618695
99618786
99618830
99619029
99619248
99619664
99619834
99620133
99620165
99620569
99621055
99621375
99621406
99621923
99622095
99622193
99622267
99622468
99622514
99622577
99622670
99622827
99622935
99623006
99623127
99623487
99623503
99623634
99623684
99624127
99624135
99624285
99624360
99624488
99624560
99624593
99624648
99624895
99625158
99625441
99625462
99627912
99627946
99628018
99628415
99628452
99628658
99628887
99629020
99629318
99629346
99629409
99629593
99629770
99629802
99629854
99629864
99630196
99630432
99630692
99630883
99631233
99631420
99631738
99631752
99632009
99632012
99632017
99632058
99632117
99632316
99632320
99632506
99632732
99632864
99632871
99633067
99633437
99633751
99634002
99634179
99634218
99634219
99634456
99634512
99634790
99634947
99634987
99635023
99635072
99635142
99635161
99635241
99635341
99635346
99635500
99635603
99635634
99635706
99635771
99635890
99635998
99636093
99636843
99637011
99637034
99637147
99637179
99637306
99637530
99637779
99637808
99637832
99637872
99638022
99638148
99638233
99638326
99638362
99638365
99638623
99638684
99638798
99638869
99639042
99639366
99639402
99639691
99639925
99640195
99640251
99640388
99640831
99641048
99641055
99641186
99641353
99641659
99641714
99641752
99641903
99642187
99642215
99642233
99642254
99642693
99642852
99642951
99642959
99643012
99643170
99643423
99643810
99643816
99644277
99644321
99644355
99644494
99644730
99644869
99645052
99645119
99645419
99645467
99645701
99645737
99645818
99645819
99645990
99646067
99646194
99646205
99646305
99646341
99646387
99646516
99646599
99646724
99647098
99647259
99647460
99647554
99647607
99647614
99647652
99647782
99647791
99647803
99647901
99648091
99648152
99648187
99648297
99648331
99648556
99648587
99649013
99649407
99649766
99649919
99650130
99650150
99650160
99650183
99650349
99650685
99650708
99650852
99650928
99651075
99651118
99651246
99651310
99651428
99651460
99651504
99651567
99651586
99651614
99651668
99651855
99651896
99652386
99652459
99652493
99652530
99652651
99652668
99652942
99652986
99653033
99653117
99653118
99653250
99653253
99653374
99653377
99653432
99653509
99653588
99653670
99653777
99653837
99654052
99654394
99654484
99654556
99654769
99655001
99655017
99655258
99655443
99655530
99655557
99655744
99655874
99656089
99656202
99656619
99656833
99656975
99657009
99657033
99657134
99657239
99657714
99657717
99657946
99658066
99658114
99658135
99658609
99658898
99658916
99658935
99658960
99659032
99659080
99659230
99659328
99659803
99659843
99659911
99659914
99659935
99660023
99660114
99660259
99660286
99660392
99660558
99660765
99660800
99660875
99660945
99661154
99661228
99661485
99661738
99661858
99662240
99662319
99662417
99662544
99663177
99663263
99663380
99663490
99663566
99663798
99664212
99664319
99664501
99664507
99664511
99664873
99665095
99665177
99665683
99665803
99665821
99665890
99665920
99665983
99665999
99666084
99666106
99666229
99666243
99666527
99666876
99666886
99667411
99667561
99667615
99667675
99667690
99668100
99668112
99668123
99668533
99668580
99668683
99668693
99668696
99668816
99668841
99668873
99669135
99669247
99669266
99669554
99669753
99669965
99669990
99670017
99670037
99670226
99670407
99670408
99670495
99670602
99670933
99671078
99671382
99671707
99671893
99672188
99672283
99672347
99672421
99672441
99672449
99672663
99672934
99672978
99672984
99673221
99673255
99673264
99673403
99673548
99673588
99673607
99673723
99673850
99674261
99674267
99674351
99674369
99674459
99674466
99674528
99674701
99674940
99675089
99675294
99675474
99675544
99675552
99675623
99675758
99675816
99675951
99675960
99675964
99676024
99676056
99676159
99676363
99676376
99676522
99676554
99676604
99676623
99676650
99676771
99677196
99677211
99677425
99677436
99677443
99677535
99677876
99677921
99677958
99677990
99678197
99678268
99678417
99678446
99678602
99678652
99678787
99678816
99678830
99678936
99679092
99679148
99679186
99679623
99679664
99679679
99679730
99679756
99679760
99679919
99679980
99680019
99680048
99680096
99680105
99680146
99680329
99680365
99680405
99680438
99680630
99680837
99680839
99680859
99680881
99680932
99680995
99681070
99681079
99681108
99681419
99681458
99681615
99681678
99681686
99681710
99682003
99682062
99682097
99682364
99682432
99682475
99682803
99682915
99683290
99683327
99683482
99683565
99683589
99683625
99683814
99683818
99683823
99683837
99683907
99683910
99684076
99684159
99684214
99684283
99684323
99684358
99684448
99684583
99684657
99684840
99684918
99685307
99685599
99685613
99685638
99685640
99685707
99685716
99685720
99685981
99686032
99686058
99686156
99686188
99686211
99686381
99686446
99686542
99686583
99686593
99686716
99686724
99686729
99686851
99686861
99686882
99686883
99686933
99686951
99686974
99687303
99687413
99687634
99687781
99687839
99688032
99688131
99688173
99688193
99688358
99688546
99688620
99688630
99688631
99688645
99688663
99688754
99688759
99688911
99689118
99689152
99689241
99689286
99689348
99689360
99689468
99689490
99689512
99689531
99689695
99689809
99691150
99695153
99695877
99695879
99696064
99696241
99696307
99696478
99696537
99696575
99696601
99696774
99696978
99696998
99697076
99697099
99697204
99697207
99697345
99697389
99697531
99697567
99697641
99697652
99697668
99697829
99697845
99697871
99698144
99698166
99698222
99698270
99698304
99698450
99698516
99698534
99698545
99698563
99698730
99698914
99698935
99699048
99699085
99699109
99699114
99699195
99699405
99699481
99699613
99699665
99699862
99699971
99700293
99700305
99700316
99700329
99700392
99700680
99700868
99700900
99700957
99701004
99701135
99701215
99701268
99701348
99701430
99701482
99701582
99701717
99701894
99701949
99701956
99701974
99702023
99702197
99702259
99702342
99702769
99702812
99702994
99703001
99703033
99703100
99703218
99703279
99703295
99703369
99703394
99703494
99703576
99703602
99703627
99703668
99703800
99703925
99703956
99703958
99703992
99704399
99704405
99704484
99704616
99704669
99704798
99704856
99705006
99705200
99705202
99705247
99705377
99705434
99705468
99705473
99705516
99705526
99705528
99705618
99705739
99705898
99705975
99706025
99706144
99706274
99706358
99706362
99706366
99706411
99706543
99706549
99706574
99706633
99706664
99706876
99706924
99706934
99707003
99707190
99707343
99707549
99707568
99707616
99707631
99707668
99707707
99707752
99707788
99707792
99707802
99707876
99707926
99707981
99708049
99708078
99708101
99708138
99708183
99708220
99708258
99708367
99708410
99708447
99708489
99708523
99708528
99708543
99708592
99708625
99708740
99708797
99708824
99708857
99708883
99708932
99708959
99708981
99709019
99709046
99709111
99709120
99709138
99709189
99709250
99709474
99709590
99709617
99709687
99709722
99709827
99709847
99709935
99710039
99710056
99710090
99710164
99710175
99710195
99710230
99710237
99710318
99710540
99710583
99710622
99710734
99710747
99710816
99710831
99710877
99710885
99710902
99710967
99710968
99711217
99711260
99711271
99711280
99711386
99711413
99711450
99711480
99711490
99711509
99711516
99711528
99711554
99711695
99711725
99711772
99711775
99711793
99711844
99711852
99711861
99711873
99711946
99711952
99711953
99711965
99712030
99712033
99712132
99712289
99712345
99712368
99712372
99712374
99712544
99712549
99712731
99712759
99712805
99712863
99712905
99712977
99712999
99713014
99713019
99713116
99713123
99713198
99713301
99713336
99713431
99713461
99713477
99713569
99713632
99713707
99713711
99713720
99713758
99713768
99713850
99713919
99713964
99713970
99713989
99714065
99714085
99714153
99714186
99714194
99714205
99714221
99714226
99714266
99714281
99714318
99714320
99714336
99714353
99714356
99714383
99714440
99714507
99714563
99714580
99714664
99714674
99714695
99714704
99714726
99714769
99714787
99714796
99714839
99714845
99714890
99714957
99714989
99715032
99715036
99715041
99715064
99715068
99715106
99715167
99715173
99715205
99715218
99715244
99715321
99715326
99715329
99715345
99715348
99715375
99715381
99715411
99715452
99715506
99715517
99715536
99715565
99715592
99715657
99715702
99715732
99715780
99715783
99715886
99715903
99715909
99715933
99715937
99715970
99716049
99716058
99716062
99716069
99716085
99716103
99716136
99716141
99716171
99716179
99716182
99716195
99716199
99716252
99716255
99716256
99716354
99716378
99716446
99716500
99716524
99716528
99716572
99716579
99716588
99716591
99716623
99716625
99716629
99716631
99716697
99716713
99716762
99716764
99716785
99716823
99716861
99716869
99716871
99716878
99716879
99716890
99716892
99716911
99716916
99716923
99716929
99716979
99717020
99717025
99717038
99717065
99717085
99717087
99717115
99717174
99717193
99717197
99717249
99717268
99717301
99717319
99717327
99717341
99717359
99717406
99717427
99717431
99717558
99717618
99717628
99717670
99717691
99717699
99717718
99717734
99717774
99717785
99717787
99717796
99717861
99717935
99717952
99717971
99717973
99717974
99717988
99717990
99718008
99718021
99718023
99718046
99718070
99718095
99718100
99718112
99718130
99718167
99718179
99718181
99718186
99718198
99718229
99718234
99718260
99718262
99718287
99718298
99718300
99718315
99718328
99718376
99718377
99718384
99718396
99718399
99718407
99718424
99718437
99718458
99718467
99718471
99718491
99718514
99718519
99718532
99718538
99718547
99718552
99718581
99718599
99718609
99718634
99718637
99718650
99718656
99718666
99718667
99718695
99718713
99718724
99718741
99718758
99718781
99718782
99718829
99718830
99718859
99718865
99718877
99718887
99718935
99718937
99718940
99718949
99718953
99718965
99718967
99718981
99719005
99719042
99719045
99719052
99719054
99719055
99719072
99719081
99719087
99719092
99719104
99719151
99719180
99719210
99719224
99719227
99719229
99719230
99719269
99719295
99719302
99719312
99719328
99719331
99719334
99719353
99719370
99719377
99719384
99719391
99719410
99719414
99719415
99719453
99719456
99719481
99719522
99719523
99719528
99719549
99719560
99719581
99719645
99719672
99719697
99719700
99719703
99719754
99719769
99719772
99719773
99719781
99719809
99719816
99719817
99719825
99719836
99719866
99719868
99719890
99719903
99719935
99719940
99719954
99719971
99719994
99720003
99720025
99720041
99720062
99720064
99720096
99720103
99720127
99720188
99720190
99720214
99720234
99720246
99720253
99720276
99720289
99720300
99720301
99720334
99720373
99720374
99720378
99720389
99720417
99720470
99720471
99720482
99720484
99720514
99720522
99720538
99720579
99720599
99720602
99720604
99720605
99720624
99720675
99720678
99720726
99720742
99720777
99720797
99720799
99720809
99720818
99720825
99720842
99720856
99720858
99720895
99720900
99720908
99720941
99720965
99720968
99720973
99720976
99720989
99720998
99721004
99721014
99721026
99721041
99721088
99721115
99721123
99721167
99721183
99721218
99721245
99721258
99721266
99721267
99721282
99721312
99721326
99721338
99721344
99721355
99721381
99721391
99721396
99721409
99721414
99721416
99721437
99721470
99721474
99721476
99721507
99721518
99721529
99721538
99721547
99721556
99721573
99721575
99721582
99721584
99721591
99721611
99721613
99721625
99721656
99721659
99721668
99721671
99721674
99721681
99721684
99721699
99721716
99721744
99721769
99721773
99721778
99721780
99721783
99721789
99721793
99721796
99721814
99721820
99721821
99721827
99721842
99721850
99721857
99721860
99721864
99721910
99721912
99721926
99721928
99721956
99721966
99721983
99721995
99721996
99722007
99722014
99722032
99722058
99722069
99722088
99722093
99722097
99722131
99722136
99722141
99722168
99722197
99722256
99722267
99722281
99722291
99722307
99722308
99722310
99722315
99722335
99722337
99722354
99722362
99722375
99722376
99722379
99722381
99722384
99722387
99722390
99722397
99722413
99722421
99722429
99722433
99722443
99722462
99722471
99722491
99722499
99722514
99722538
99722541
99722562
99722583
99722587
99722590
99722607
99722609
99722621
99722625
99722649
99722650
99722663
99722671
99722680
99722689
99722709
99722733
99722744
99722754
99722769
99722779
99722799
99722802
99722809
99722823
99722830
99722867
99722886
99722898
99722923
99722938
99722940
99722953
99722991
99722993
99723007
99723010
99723035
99723038
99723044
99723049
99723055
99723057
99723077
99723080
99723081
99723082
99723084
99723115
99723130
99723160
99723206
99723218
99723219
99723220
99723221
99723240
99723257
99723262
99723277
99723285
99723325
99723350
99723352
99723367
99723373
99723380
99723384
99723407
99723409
99723415
99723418
99723430
99723431
99723438
99723460
99723467
99723491
99723496
99723500
99723503
99723522
99723534
99723539
99723542
99723552
99723555
99723557
99723580
99723584
99723597
99723605
99723607
99723616
99723619
99723624
99723635
99723652
99723655
99723659
99723669
99723672
99723683
99723704
99723707
99723717
99723720
99723726
99723727
99723743
99723761
99723774
99723790
99723813
99723823
99723827
99723832
99723842
99723843
99723856
99723868
99723875
99723879
99723892
99723894
99723904
99723910
99723985
99723990
99724013
99724036
99724041
99724046
99724054
99724070
99724077
99724078
99724094
99724115
99724118
99724137
99724142
99724146
99724183
99724190
99724212
99724214
99724216
99724269
99724301
99724314
99724316
99724322
99724332
99724347
99724351
99724360
99724370
99724372
99724386
99724387
99724401
99724406
99724413
99724442
99724455
99724463
99724505
99724518
99724523
99724527
99724534
99724535
99724559
99724589
99724605
99724609
99724623
99724634
99724653
99724664
99724674
99724681
99724687
99724694
99724717
99724724
99724733
99724734
99724741
99724756
99724760
99724772
99724782
99724785
99724787
99724799
99724804
99724805
99724812
99724814
99724826
99724850
99724855
99724856
99724867
99724882
99724914
99724921
99724933
99724942
99724966
99724971
99724980
99724994
99725010
99725011
99725099
99725110
99725112
99725122
99725139
99725155
99725158
99725219
99725225
99725255
99725261
99725262
99725284
99725307
99725324
99725325
99725331
99725332
99725334
99725339
99725351
99725354
99725365
99725375
99725381
99725384
99725394
99725406
99725407
99725412
99725418
99725450
99725457
99725464
99725470
99725475
99725476
99725480
99725499
99725510
99725513
99725517
99725527
99725540
99725550
99725555
99725565
99725566
99725580
99725592
99725594
99725596
99725642
99725661
99725667
99725668
99725678
99725681
99725685
99725699
99725707
99725708
99725720
99725721
99725748
99725752
99725766
99725776
99725783
99725784
99725797
99725802
99725816
99725818
99725822
99725824
99725842
99725857
99725861
99725867
99725873
99725880
99725891
99725907
99725908
99725915
99725928
99725929
99725931
99725945
99726005
99726013
99726016
99726018
99726019
99726036
99726039
99726044
99726045
99726057
99726059
99726072
99726077
99726086
99726093
99726094
99726112
99726125
99726132
99726148
99726161
99726166
99726174
99726176
99726184
99726189
99726192
99726193
99726204
99726216
99726219
99726263
99726324
99726330
99726340
99726359
99726364
99726384
99726392
99726393
99726415
99726423
99726424
99726426
99726433
99726439
99726441
99726444
99726457
99726460
99726468
99726469
99726470
99726519
99726526
99726539
99726542
99726556
99726566
99726570
99726572
99726574
99726587
99726599
99726608
99726610
99726623
99726626
99726628
99726632
99726639
99726651
99726656
99726662
99726665
99726669
99726682
99726695
99726699
99726704
99726707
99726714
99726722
99726728
99726731
99726743
99726751
99726753
99726755
99726759
99726771
99726775
99726777
99726790
99726794
99726795
99726807
99726810
99726811
99726814
99726818
99726837
99726840
99726858
99726861
99726864
99726873
99726887
99726890
99726897
99726906
99726932
99726935
99726938
99726940
99726942
99726943
99726945
99726954
99726965
99726967
99726979
99726982
99726986
99726988
99726992
99727003
99727007
99727033
99727054
99727058
99727066
99727088
99727102
99727113
99727128
99727139
99727150
99727156
99727157
99727166
99727178
99727184
99727200
99727202
99727204
99727217
99727218
99727224
99727236
99727245
99727247
99727249
99727250
99727266
99727267
99727317
99727319
99727320
99727321
99727323
99727326
99727330
99727331
99727354
99727357
99727358
99727361
99727370
99727377
99727378
99727404
99727405
99727415
99727447
99727468
99727475
99727482
99727489
99727495
99727503
99727519
99727524
99727527
99727528
99727537
99727539
99727541
99727549
99727571
99727580
99727582
99727583
99727584
99727605
99727611
99727612
99727615
99727619
99727623
99727626
99727630
99727661
99727674
99727684
99727690
99727694
99727697
99727698
99727707
99474932
99495176
99543172
99567614
99571427
99582035
99584433
99592894
99601323
99621976
99632571
99633926
99637012
99640775
99641793
99648889
99650693
99665890
99670225
99671009
98800847
98831929
98914981
98996868
99000878
99013336
99050833
99119842
99122141
99138945
99169244
99194457
99257404
99277076
99283428
99302543
99317725
99318682
99354330
99354576
99374462
99379124
99401838
99428262
99431263
99431323
99431567
99431729
99443558
99447478
98743629
98745746
98748294
98748770
98806854
98809240
98830259
98834463
98837537
98851038
98851406
98864862
98870183
98894883
98897907
98900030
98902875
98915907
98920164
98922008
98927575
98928436
98940831
98941448
98942029
98954683
98956283
98978146
98996402
98998023
98999199
99001704
99013603
99023411
99027358
99066244
99071255
99090353
99092442
99093448
99108157
99125899
99133444
99134816
99146077
99146229
99151138
99163079
99167656
99170043
99177171
99198765
99239502
99259013
99267066
99273286
99275297
99293779
99307395
99308400
99312982
99314128
99318468
99320681
99322574
99324498
99328713
99330509
99335601
99337033
99340990
99342659
99342862
99344974
99347084
99347716
99348035
99356608
99360995
99362186
99366952
99370105
99372344
99374423
99375967
99376917
99377141
99377747
99379879
99381868
99382458
99384308
99386246
99387115
99392437
99395848
99400940
99401692
99401751
99402078
99405110
99405408
99406108
99407742
99411655
99413975
99414367
99414462
99416058
99419170
99419695
99422602
99424681
99425090
99429527
99429684
99430446
99431255
99431421
99432796
99435380
99435546
99437981
99440445
99444381
99445063
99446540
99449251
99449776
99451102
99454108
99454376
99455186
99457177
99457191
99457955
99459725
99459740
99459825
99460201
99460687
99461019
99462063
99463042
99463542
99465156
99465645
99466161
99472181
99472194
99472906
99476608
99476994
99479306
99481538
99482089
99482163
99484609
99486223
99488476
99491426
99492825
99495477
99515552
99523802
99524336
99525903
99527232
99528480
99539290
99540621
99543438
99544150
99546309
99548057
99550383
99553108
99556171
99558404
99558714
99560768
99565659
99565956
99567646
99568594
99570300
99572006
99574813
99575459
99582304
99584541
99587384
99587583
99588804
99589047
99593264
99595387
99596912
99599255
99601527
99605862
99606483
99606593
99609222
99609381
99611370
99613431
99614795
99614847
99620959
99621569
99621868
99622668
99623376
99624468
99627675
99629513
99634646
99635344
99637153
99641760
99644956
99646632
99648218
99649437
99651253
99651987
99653265
99655373
99656345
99658766
99659005
99659219
99659930
99662560
99663556
99666506
99667827
99668110
99668883
99668955
99669436
99670238
99671338
98749347
98749486
98749616
98749946
98750295
98756261
98756787
98758776
98761390
98777770
98778640
98780515
98781148
98782744
98784680
98785932
98787730
98787997
98788467
98791863
98792148
98798792
98799342
98800455
98800796
98800806
98800855
98800860
98801029
98801853
98802582
98802624
98803529
98803567
98803758
98803864
98805564
98806916
98807415
98807942
98808158
98808169
98808575
98808625
98809398
98809807
98810534
98810764
98811702
98812078
98812473
98812482
98812512
98815924
98816153
98819243
98822011
98823372
98825383
98826218
98826299
98828491
98828618
98828633
98829721
98829849
98830502
98831659
98832696
98833214
98833731
98834519
98834730
98834786
98835095
98835463
98835953
98836646
98836896
98836950
98837547
98837597
98838670
98838851
98840367
98840748
98840937
98841624
98841688
98842338
98842623
98843222
98843270
98843585
98843681
98844027
98844557
98846483
98847090
98847113
98848733
98848846
98849197
98849452
98850547
98851269
98853416
98854262
98855138
98856952
98858712
98858723
98859155
98864186
98864266
98865915
98866895
98867110
98869263
98869512
98869797
98870440
98871690
98871691
98871930
98872026
98873589
98878707
98878889
98878918
98879380
98880566
98880590
98881110
98884181
98886125
98891710
98892249
98892371
98892487
98893539
98893692
98893744
98893954
98894052
98894171
98895059
98895386
98895701
98895972
98896894
98896988
98898215
98898531
98898558
98899183
98899243
98899649
98899865
98899934
98900283
98900701
98901348
98901490
98902772
98902906
98904765
98905235
98905279
98906705
98909118
98911196
98911280
98915095
98915735
98915974
98916553
98917277
98917644
98918974
98920027
98921173
98921740
98922292
98922563
98928104
98928416
98932048
98934481
98936373
98939460
98940433
98940477
98941206
98942105
98943227
98944974
98945196
98945827
98946557
98946925
98947616
98955091
98955368
98955471
98955584
98956298
98957913
98959521
98959875
98960592
98962031
98972638
98972826
98981073
98981078
98981753
98989494
98989966
98991135
98993087
98996851
98997074
98998153
98998613
98998632
98999015
98999524
99000455
99000631
99000678
99000979
99001538
99001540
99002416
99002675
99003143
99003249
99003388
99013355
99021283
99021795
99023004
99023747
99024149
99025520
99026357
99026503
99026994
99029695
99030385
99032426
99037025
99037373
99038889
99049240
99049423
99051260
99051897
99052223
99055854
99056598
99059212
99059700
99061284
99061448
99061726
99062299
99063185
99063789
99065564
99066794
99067168
99067192
99068750
99068869
99069640
99069976
99073806
99080045
99081080
99081539
99082753
99087123
99088169
99088318
99090826
99091708
99092389
99093987
99095329
99095580
99097216
99097412
99098211
99106283
99106952
99107055
99107458
99108031
99108593
99112754
99113554
99119007
99119650
99120618
99121704
99121807
99123491
99124369
99126041
99126648
99127752
99128193
99128939
99129188
99130925
99131369
99131742
99132172
99137657
99138111
99138204
99139116
99140089
99140101
99141277
99143543
99143900
99144524
99145997
99146427
99146627
99147055
99147299
99147341
99148659
99149203
99152536
99156900
99157414
99158749
99158859
99162693
99163030
99163238
99163366
99163556
99163557
99163590
99164191
99165043
99165222
99165533
99165837
99166141
99166888
99167543
99167762
99167783
99168108
99168585
99168684
99169179
99169662
99170023
99170512
99170719
99171004
99171322
99171448
99171674
99172312
99172665
99172920
99173305
99173453
99173893
99174239
99175519
99176027
99176183
99176280
99176584
99176752
99176944
99177003
99177169
99177250
99177485
99178247
99178323
99178563
99178850
99179315
99179393
99179967
99180298
99180531
99180541
99180587
99180902
99181631
99182037
99182496
99182569
99182841
99183052
99183104
99183132
99183165
99183314
99183768
99185275
99186944
99187344
99187580
99189277
99189649
99189902
99190036
99190080
99190135
99190740
99190745
99191801
99192318
99192856
99193949
99194481
99195109
99195260
99195708
99196001
99196091
99196753
99196771
99197127
99197231
99197395
99197510
99197604
99197692
99197699
99197863
99198228
99198739
99198910
99199109
99199143
99199553
99200759
99201754
99201810
99201867
99202304
99202697
99228952
99229551
99229622
99229787
99230855
99232314
99236720
99237554
99238556
99238639
99246815
99247707
99247780
99247907
99249387
99251738
99252111
99252625
99252926
99252964
99253076
99253191
99253420
99253466
99253773
99254306
99254352
99255431
99255658
99255660
99255708
99256232
99256897
99257008
99257083
99257142
99257447
99257969
99258072
99258465
99259667
99260998
99261999
99262798
99263555
99264044
99264256
99265378
99265851
99265878
99266140
99266176
99266231
99266414
99266588
99267146
99267358
99267644
99268406
99268652
99268811
99269217
99269246
99270013
99270112
99270662
99270722
99270743
99271066
99272021
99272965
99273202
99273223
99273321
99273488
99273660
99273817
99274089
99274317
99274408
99274437
99274700
99274859
99275064
99275128
99275160
99275326
99275347
99275673
99276217
99276408
99276526
99277191
99277226
99277674
99278861
99279751
99280560
99281198
99282652
99284705
99284873
99284932
99285113
99285497
99285542
99286100
99286542
99286739
99286792
99287658
99288230
99288824
99289006
99289964
99289971
99290182
99290189
99290803
99291321
99292257
99292308
99293708
99294282
99294373
99294427
99294598
99295080
99295551
99295809
99295865
99295919
99296025
99296135
99296137
99296139
99296308
99296313
99296345
99296543
99296746
99296767
99297007
99297071
99297608
99298159
99298372
99298481
99298535
99298617
99298739
99298977
99299004
99299312
99299314
99299682
99299768
99299798
99299803
99299974
99300444
99300482
99300641
99301029
99301352
99301455
99301502
99301615
99301617
99301741
99302030
99302066
99302080
99302618
99302654
99303810
99304656
99304858
99304878
99304964
99305595
99305894
99306032
99306057
99306147
99306359
99307248
99307554
99307664
99307811
99308081
99308770
99308866
99308872
99309388
99309825
99309990
99310402
99310465
99310592
99311103
99311495
99311773
99312013
99312037
99312313
99312439
99312807
99312845
99312957
99313040
99313333
99313373
99313604
99313624
99313784
99314222
99314288
99314401
99314438
99314570
99314881
99315205
99315453
99316090
99316360
99316515
99316755
99316800
99316943
99317368
99317516
99317747
99317904
99318216
99318224
99318235
99318251
99318278
99318302
99318431
99319313
99319406
99319466
99319476
99319537
99319559
99319659
99319861
99320267
99320370
99320522
99321035
99321333
99321470
99321644
99322088
99322303
99322316
99322499
99322753
99323013
99323284
99323574
99323779
99324378
99324385
99324905
99325183
99325328
99325839
99326606
99327013
99327384
99327845
99328006
99328702
99329173
99329674
99330177
99330321
99330382
99330640
99330902
99330972
99331150
99331555
99331666
99331704
99332033
99332218
99332482
99332885
99333302
99334138
99334190
99334446
99334980
99335748
99335864
99336060
99336656
99337236
99337445
99337686
99338650
99339526
99339822
99340132
99340192
99340256
99340363
99340384
99340720
99340814
99340931
99341052
99341154
99341227
99341585
99341951
99342183
99342597
99343084
99343156
99348700
99348826
99349719
99350223
99350585
99350618
99350733
99351352
99351842
99352460
99352584
99352642
99353154
99353454
99353591
99353853
99353884
99354002
99354209
99354590
99354895
99355035
99355143
99355359
99355705
99356002
99356220
99356984
99357022
99357531
99357649
99357828
99358110
99358384
99358510
99358715
99358901
99359420
99360027
99360666
99360684
99361518
99361805
99361910
99361952
99362982
99362984
99363035
99363469
99363674
99363733
99363893
99364465
99364466
99364497
99364704
99364840
99364907
99365414
99365503
99366134
99366168
99366297
99366625
99366795
99367268
99367342
99367527
99367691
99367699
99367995
99368617
99368848
99369012
99369115
99369265
99369727
99369811
99369827
99369860
99369991
99370798
99371079
99371204
99371511
99372231
99372328
99372704
99372867
99373330
99373584
99373824
99373861
99374163
99374187
99374363
99374399
99374927
99375627
99375824
99376102
99376132
99376392
99376426
99376592
99376836
99377017
99377240
99377476
99377779
99377951
99378277
99378320
99378669
99378956
99378970
99379519
99379531
99379595
99379914
99379995
99380179
99380226
99380373
99380636
99380704
99380981
99381716
99381862
99382050
99382332
99382443
99382597
99382674
99383028
99383034
99383326
99383522
99383603
99383873
99384398
99384653
99384673
99384899
99384952
99385160
99385539
99385658
99385821
99385904
99385998
99386009
99386441
99386512
99386888
99387067
99387874
99388538
99388687
99388737
99389409
99389564
99389743
99389794
99389956
99390479
99390754
99390785
99390997
99391037
99391665
99391840
99392026
99392108
99392113
99392160
99392272
99392411
99392821
99393229
99393715
99394546
99394647
99395195
99395447
99395455
99395513
99395679
99396815
99396831
99397122
99397374
99397417
99397702
99397773
99398035
99398675
99399072
99400223
99400227
99400304
99401144
99401684
99402046
99402249
99402346
99403127
99403139
99403283
99403523
99403974
99403997
99404097
99404660
99405141
99405656
99406077
99406598
99406609
99406968
99407360
99407731
99408048
99408352
99408795
99409185
99409296
99409428
99409726
99409960
99410653
99410675
99410730
99411345
99412259
99412589
99413107
99413436
99414618
99414644
99414982
99415290
99415312
99415379
99416008
99416013
99416166
99416431
99416447
99416770
99417133
99417468
99418089
99418218
99418398
99419171
99419195
99419214
99419371
99419402
99419427
99419433
99419559
99419847
99420139
99420732
99420809
99420877
99421143
99421404
99421493
99421524
99421903
99421907
99422051
99422104
99422109
99422360
99422679
99422953
99423037
99423078
99423087
99423126
99423640
99423738
99423756
99424422
99424628
99424740
99425292
99425671
99425709
99426019
99426081
99426421
99426589
99427678
99429353
99429884
99430151
99430174
99430723
99430935
99430989
99431552
99431723
99432211
99432231
99432292
99432425
99432630
99432647
99432706
99433060
99433124
99433150
99434023
99434335
99434548
99434861
99434874
99435255
99435287
99435813
99435835
99436163
99436343
99436946
99436988
99437037
99437047
99437102
99437714
99437795
99437952
99438235
99438400
99438418
99438702
99439085
99439191
99439232
99439915
99440160
99440566
99440859
99441559
99441868
99442674
99442867
99443274
99443866
99444507
99444833
99445076
99445406
99445857
99445863
99446133
99446139
99446381
99446522
99446989
99447376
99447612
99447798
99447861
99448218
99448956
99449027
99449153
99449579
99449629
99449907
99449935
99450220
99450730
99451121
99451562
99452087
99452168
99452489
99452784
99453007
99453050
99453666
99454289
99454757
99454995
99455316
99455502
99455628
99455641
99455674
99456720
99456892
99457062
99457472
99457508
99457608
99457891
99458145
99459017
99459191
99459460
99459596
99459635
99459704
99460142
99467192
99467344
99467683
99467821
99468017
99468064
99468085
99468196
99468290
99468438
99468658
99468689
99468768
99469099
99469365
99469377
99469678
99469878
99469919
99470059
99470248
99470420
99470435
99470626
99470787
99470906
99470941
99471220
99471310
99471845
99471855
99471879
99471983
99472357
99472502
99472542
99472655
99472946
99473055
99473122
99474287
99474372
99474494
99474500
99474679
99474929
99475233
99475249
99475308
99475345
99475540
99475706
99476172
99476301
99476378
99476619
99477119
99477690
99477870
99477973
99478016
99478149
99478310
99478356
99478411
99478455
99478499
99478749
99479054
99479088
99479598
99479603
99480094
99480295
99480331
99480640
99481153
99481186
99481506
99481507
99481739
99482480
99482587
99482592
99483034
99483447
99483502
99483528
99483818
99483906
99484072
99484095
99484335
99484350
99484450
99484464
99484475
99484525
99484649
99484764
99485021
99485365
99485578
99485607
99485718
99486101
99486205
99486387
99486720
99486940
99487012
99487448
99487772
99487951
99488067
99488270
99488569
99488627
99488655
99488701
99488842
99489118
99489253
99489435
99489502
99489745
99489753
99489831
99490147
99490506
99490756
99491202
99491283
99491460
99491553
99492231
99492360
99492457
99492472
99492664
99492725
99492832
99493132
99493160
99493798
99493814
99493880
99493924
99493957
99494061
99494223
99494347
99494442
99494927
99495011
99495152
99495296
99495386
99495686
99495691
99513594
99513602
99513739
99513939
99514117
99514579
99514834
99514841
99514957
99515198
99515482
99515821
99516201
99516214
99516284
99516701
99516849
99517058
99517060
99517067
99517211
99517301
99517335
99517447
99517709
99517802
99517973
99518253
99518936
99519620
99519709
99520024
99520071
99520237
99520343
99520486
99520669
99520972
99521303
99521396
99521412
99521418
99521544
99521591
99521621
99521691
99521842
99521879
99522078
99522158
99522278
99522383
99522428
99522431
99522486
99522513
99522533
99522573
99522776
99523138
99523316
99523629
99523767
99523839
99524260
99524354
99524380
99524507
99524554
99524580
99524857
99524924
99524963
99525049
99525622
99525659
99525781
99525830
99525968
99526021
99526315
99526621
99526655
99526799
99527173
99527206
99527281
99527409
99527917
99528123
99528226
99528288
99528633
99528644
99528685
99528926
99529335
99529384
99529454
99529895
99529904
99529948
99530180
99530380
99530529
99530641
99530947
99531105
99531278
99531300
99531576
99532051
99532321
99533293
99533589
99534389
99534837
99534930
99535030
99535034
99535064
99535075
99535164
99535200
99535383
99535387
99535388
99535530
99535900
99536039
99536130
99536440
99536488
99536548
99536562
99536673
99536693
99536704
99536823
99536940
99537131
99537197
99537260
99537324
99537632
99537670
99537763
99537815
99537831
99538092
99538204
99538268
99538324
99538455
99538494
99538672
99538753
99538982
99539057
99539553
99539610
99544367
99544593
99544838
99545483
99545497
99545521
99545834
99546131
99546303
99546364
99546447
99546491
99546776
99546832
99547398
99547450
99547546
99547619
99547641
99548015
99548023
99548091
99548359
99548482
99549043
99549311
99549375
99549504
99549549
99550653
99550676
99550705
99550826
99550887
99550919
99551439
99551468
99551498
99551576
99551822
99551932
99551983
99552024
99552165
99552251
99552352
99552567
99552796
99553473
99553622
99553989
99554055
99554056
99554100
99554275
99554382
99554525
99554886
99554920
99554957
99555004
99555385
99555417
99555524
99555565
99555574
99556136
99556398
99556691
99557264
99557276
99557452
99557661
99557921
99558237
99558716
99558861
99559179
99559235
99559294
99559589
99559680
99559904
99560258
99560294
99560361
99560632
99560761
99561297
99561429
99561495
99561900
99562066
99562147
99562242
99562316
99562458
99562475
99562532
99562924
99563193
99563287
99564154
99564265
99564451
99564516
99564741
99564875
99565457
99565460
99565470
99565561
99566289
99566338
99571321
99571388
99571465
99571467
99571548
99571652
99571659
99571681
99571723
99571822
99571879
99572045
99572080
99572086
99572221
99572301
99572357
99572358
99572510
99572713
99572753
99572985
99572997
99573053
99573115
99573200
99573313
99573314
99573333
99573388
99573499
99573568
99573579
99573628
99573668
99573745
99573852
99573941
99574015
99574132
99574143
99574146
99574163
99574248
99574355
99574516
99574564
99574600
99574631
99574734
99574757
99575024
99575055
99575105
99575386
99575408
99575611
99575762
99575782
99575979
99576071
99576128
99576146
99576281
99576526
99576528
99576623
99576643
99576750
99577016
99577032
99577139
99577969
99578072
99578077
99578135
99578225
99578304
99578326
99578487
99578574
99578602
99578631
99578635
99578744
99578871
99578896
99579037
99579095
99579121
99579136
99579318
99579459
99579953
99579972
99580012
99580358
99580433
99580512
99580575
99580709
99580864
99580944
99580961
99583209
99583219
99583260
99583377
99583423
99583550
99583619
99583644
99583681
99583717
99583742
99583743
99583760
99583877
99583878
99583899
99583900
99584235
99584310
99584335
99584366
99584434
99584468
99584515
99584614
99584842
99585025
99585170
99585246
99585287
99585417
99585474
99585830
99585833
99585841
99585949
99585965
99585995
99586018
99586082
99586214
99586383
99586444
99586482
99586490
99586511
99586650
99586785
99586850
99586869
99586922
99586985
99587005
99587144
99587152
99587509
99587732
99587804
99587813
99587999
99588220
99588353
99588412
99588547
99588684
99588857
99588959
99588969
99589178
99589324
99589470
99589716
99589717
99589718
99589757
99589787
99589832
99589908
99589927
99590058
99590070
99590349
99590356
99590480
99590585
99590629
99590751
99590859
99590864
99590965
99591167
99591270
99591274
99591285
99591460
99591623
99591872
99591974
99592063
99592078
99592129
99592309
99592336
99595020
99595135
99595240
99595288
99595298
99595301
99595769
99595783
99595809
99595823
99595873
99595877
99596214
99596312
99596399
99596520
99596565
99596567
99596935
99597083
99597333
99597436
99597497
99597645
99597680
99597890
99597924
99597953
99598087
99598171
99598179
99598307
99598343
99598375
99598407
99598607
99598679
99598707
99598831
99598875
99599128
99599302
99599502
99599679
99599767
99599867
99600229
99600343
99600377
99600415
99600482
99600555
99600578
99600625
99600628
99600745
99601000
99601050
99601270
99601340
99601381
99601405
99601407
99601522
99601682
99601722
99601834
99601913
99601999
99602012
99602084
99602228
99602559
99602579
99602751
99602865
99602867
99603144
99603209
99603259
99603262
99603321
99603327
99603481
99603485
99603542
99603630
99604164
99604278
99604386
99604416
99604427
99604449
99604469
99604551
99604969
99605009
99605020
99605065
99605089
99605197
99605221
99605247
99605248
99605345
99605363
99605373
99605402
99605540
99605610
99605707
99605713
99605726
99605740
99605779
99605835
99606062
99606076
99606386
99606466
99606476
99606491
99606534
99606560
99606756
99606774
99606803
99607291
99607294
99607433
99607520
99607560
99607830
99608037
99608184
99608315
99608547
99608632
99608692
99608720
99608784
99608801
99608904
99609017
99609151
99609194
99609233
99609279
99609596
99609606
99609722
99609877
99609945
99610292
99610358
99610418
99610422
99610625
99610640
99610822
99610845
99610852
99610875
99610886
99610962
99611145
99611295
99611367
99611461
99611479
99611648
99611806
99612150
99612274
99612318
99612602
99612747
99612784
99612801
99612807
99612970
99613057
99613089
99613153
99613855
99613904
99613955
99614033
99614092
99614095
99614156
99614171
99614186
99614192
99614241
99614308
99614314
99614430
99614434
99614475
99614676
99614764
99614783
99614883
99615122
99615178
99615457
99615514
99615677
99615769
99615938
99616030
99616052
99616053
99616122
99616217
99616246
99616342
99616361
99616569
99616578
99616607
99616752
99616784
99616798
99616857
99616979
99617035
99617138
99617162
99617343
99617357
99617417
99617452
99617459
99617952
99618410
99618747
99618796
99618901
99618975
99619063
99619066
99619097
99619151
99619188
99619376
99620136
99620149
99620179
99620182
99620187
99620203
99620258
99620422
99620505
99620751
99620816
99620848
99620940
99620971
99621130
99621234
99621288
99621315
99621384
99621436
99621568
99621764
99621919
99621983
99622274
99622396
99622426
99622926
99623129
99623211
99623214
99623345
99623361
99623422
99628382
99628418
99628462
99628483
99628499
99628588
99628691
99628824
99628981
99629081
99629264
99629397
99629558
99629659
99630047
99630193
99630206
99630208
99630338
99630456
99630540
99630570
99630584
99630620
99630657
99630706
99630845
99630894
99630914
99631142
99631220
99631329
99631363
99631445
99631642
99631793
99632222
99632760
99632787
99632854
99632982
99633072
99633135
99633236
99633301
99633325
99633402
99633432
99633845
99633846
99633869
99633955
99634226
99634256
99634293
99634410
99634422
99634439
99634478
99634516
99634584
99634626
99634696
99634871
99634885
99634950
99634965
99634976
99635236
99635473
99635588
99635793
99635817
99635828
99635880
99635930
99636079
99636154
99636390
99636450
99636484
99636674
99636815
99637119
99637404
99637447
99637495
99637514
99637602
99637663
99637968
99638058
99638109
99638123
99638188
99638311
99638416
99638536
99638577
99638974
99639098
99639156
99639349
99639360
99639465
99639506
99639511
99639517
99639524
99639876
99640091
99640172
99640254
99640331
99640427
99640499
99640637
99640768
99640772
99640783
99640865
99641044
99641056
99641182
99641358
99641416
99641606
99641623
99641767
99641875
99642016
99642174
99642311
99642348
99642366
99642643
99642784
99642952
99643086
99643296
99643520
99643542
99643776
99643796
99643819
99643822
99643904
99644063
99644077
99644329
99644499
99644635
99644785
99644980
99644997
99645139
99645199
99645343
99645433
99645456
99645516
99645576
99645668
99645734
99645736
99645771
99645905
99645961
99646171
99646273
99646275
99646317
99646441
99646463
99646564
99646636
99646734
99646788
99646818
99647001
99647021
99647045
99647292
99647422
99647591
99647735
99648015
99648141
99648334
99648368
99648374
99648398
99648492
99648555
99648686
99648773
99648777
99648827
99649200
99649237
99649483
99649590
99649613
99649676
99649933
99650059
99650276
99650296
99650411
99650553
99650783
99650858
99650927
99651247
99651319
99651427
99651537
99651553
99651671
99651933
99652031
99652333
99652511
99652554
99652608
99652927
99652977
99653053
99653061
99653128
99653423
99653501
99654059
99654074
99654153
99654272
99654309
99654404
99654697
99654778
99654803
99654807
99654891
99654942
99655113
99655119
99655217
99655235
99655271
99655278
99655378
99655621
99655725
99655808
99655958
99655978
99656028
99656074
99656450
99656455
99656465
99656497
99656738
99656788
99656893
99656933
99656950
99656953
99656983
99657180
99657190
99657285
99657335
99657481
99657555
99657582
99657842
99658017
99658735
99658771
99658789
99658792
99658886
99658932
99658952
99658995
99659006
99659016
99659059
99659241
99659540
99659541
99659599
99659644
99659752
99659941
99660010
99660046
99660102
99660227
99660355
99660650
99660686
99660687
99660756
99660822
99660924
99661022
99661071
99661129
99661224
99661258
99661314
99661360
99661454
99661776
99661938
99661958
99662048
99662115
99662192
99662370
99662398
99662582
99662672
99662699
99662736
99662760
99662926
99662929
99663122
99663127
99663163
99663222
99663407
99663459
99663494
99663520
99663576
99663594
99663599
99663810
99663951
99664388
99664568
99664609
99664894
99664946
99664956
99665141
99665505
99665580
99665698
99665710
99665711
99665722
99666148
99666170
99666270
99666341
99666425
99666884
99667155
99667271
99667776
99667825
99667905
99667944
99668114
99668255
99668423
99668443
99668614
99668909
99669132
99669294
99669350
99669443
99669452
99669485
99669583
99669778
99669913
99670067
99670254
99670410
99670412
99670566
99670802
99671099
99671113
99671169
99671223
99671226
99671399
99671609
99671714
99672107
99672364
99672429
99672437
99672466
99672487
99672794
